0.000000000000000000e+00
3.517936855120386980e-02
-4.414123451064764364e-02
-2.418376188525293569e-01
-5.638139460214172116e-01
-1.014357687976836786e+00
-1.593402975064832638e+00
-2.296708572030662143e+00
-3.115384999309857683e+00
-4.035367115741508748e+00
-5.037280360029741999e+00
-6.099447135184930424e+00
-7.202945307483306081e+00
-8.336213106050024635e+00
-9.493509035098647075e+00
-1.067196703741789143e+01
-1.186940261298681776e+01
-1.308356705598658820e+01
-1.431179487927019167e+01
-1.555183797424358971e+01
-1.680185632455676625e+01
-1.806107590330297086e+01
-1.932956486505830895e+01
-2.060806459634772736e+01
-2.189767760502349248e+01
-2.319939396556154421e+01
-2.451387175963145992e+01
-2.584146106091269601e+01
-2.718155555210151775e+01
-2.853253181074745726e+01
-2.989162161077490865e+01
-3.125522806433810530e+01
-3.261918137122391670e+01
-3.397897773710767666e+01
-3.533017220776761036e+01
-3.667027747134100224e+01
-3.799933580188950799e+01
-3.931939519197783284e+01
-4.063263825308983712e+01
-4.193997135129354348e+01
-4.324062733580696261e+01
-4.453140415786659645e+01
-4.580722927390213073e+01
-4.706199774421632043e+01
-4.828940475150361777e+01
-4.948377473321306752e+01
-5.064145686213076658e+01
-5.176111107354229546e+01
-5.284418833570260432e+01
-5.389335215728515749e+01
-5.491239296411954030e+01
-5.590465665488051883e+01
-5.687343132109701571e+01
-5.782118713405788668e+01
-5.875004255539656839e+01
-5.966081556265667984e+01
-6.055318781064153200e+01
-6.142732467767178406e+01
-6.228320852338867297e+01
-6.312112434687703910e+01
