0.000000000000000000e+00
4.243685687411301311e-02
3.997784548260769899e-01
1.068311605530826380e+00
2.040359384883861260e+00
3.302557008264080274e+00
4.833937807708994505e+00
6.603581479790230802e+00
8.571154291141228398e+00
1.069271425451950286e+01
1.292656868205181908e+01
1.523766455522965657e+01
1.759905824594866530e+01
1.999150992509043334e+01
2.240161041251231211e+01
2.482068059681774841e+01
2.724342284262075609e+01
2.966699939683335430e+01
3.208981826128466963e+01
3.451192847576818679e+01
3.693441740780367155e+01
3.935950597604296775e+01
4.178969021424298091e+01
4.422777838406614848e+01
4.667617639407433927e+01
4.913688504872113327e+01
5.161114045460146116e+01
5.409942657424071655e+01
5.660160012931118700e+01
5.911682682208559214e+01
6.164375425672045594e+01
6.418017882814831410e+01
6.672288005763155638e+01
6.926795045443729748e+01
7.181130193218540114e+01
7.434913092727791195e+01
7.687906416502245577e+01
7.940057320059838730e+01
8.191538443107084788e+01
8.442658002816104101e+01
8.693727519620013311e+01
8.944936599366934615e+01
9.196345489302956366e+01
9.447877334809484751e+01
9.699350459283890302e+01
9.950595013872921868e+01
1.020142771770408814e+02
1.045167766733245713e+02
1.070120285132575333e+02
1.094984449095851318e+02
1.119745388781983735e+02
1.144379052459156867e+02
1.168859965925478690e+02
1.193164580813074309e+02
1.217271029628381456e+02
1.241157409478027063e+02
1.264805307269339778e+02
1.288204765880996376e+02
1.311347473519156210e+02
1.334228670861692478e+02
