0.000000000000000000e+00
-8.262466575239633959e-02
1.115046229161006236e-01
5.924967428245960788e-01
1.374133752668980968e+00
2.466512388372938958e+00
3.867157055145214350e+00
5.554997307363044534e+00
7.495147977235895098e+00
9.646700314357074646e+00
1.196909037098171602e+01
1.442557644055993471e+01
1.698535122406324049e+01
1.962404613534839726e+01
2.232293352964645550e+01
2.506815527163652746e+01
2.784961197322703441e+01
3.065974334469470364e+01
3.349295518548359496e+01
3.634489805144060881e+01
3.921210274781401495e+01
4.209151879764169735e+01
4.498036514223584703e+01
4.787615219924349219e+01
5.077672852014028138e+01
5.368024279172106361e+01
5.658518743609084822e+01
5.949033433928205028e+01
6.239479106449766732e+01
6.529808961831362524e+01
6.820001966484883837e+01
7.110084354203549140e+01
7.400104131308445687e+01
7.690135648595411055e+01
7.980256207702471727e+01
8.270554002107706992e+01
8.561085629439965317e+01
8.851878808654257114e+01
9.142910010394331266e+01
9.434117191871335706e+01
9.725387855074257004e+01
1.001656087131288047e+02
1.030743483046724833e+02
1.059779722685041179e+02
1.088742745181268532e+02
1.117610882499795508e+02
1.146365065190373684e+02
1.174992204783399075e+02
1.203486505024482511e+02
1.231850275094589762e+02
1.260089489364181503e+02
1.288211918398909575e+02
1.316226354288396863e+02
1.344140985885035207e+02
1.371962288817091462e+02
1.399690200953953649e+02
1.427320313935559000e+02
1.454848803896022389e+02
1.482271371432189255e+02
1.509583499097326467e+02
