0.000000000000000000e+00
-1.111255954700015314e-01
1.542728492566602660e-01
7.983668927109041080e-01
1.819454247077135545e+00
3.204423119701756750e+00
4.920855172718934689e+00
6.916641013354693612e+00
9.131493263631181634e+00
1.150822265606669426e+01
1.399951128646129206e+01
1.657043464796425170e+01
1.919759352366018845e+01
2.186694803579226942e+01
2.457098551568642364e+01
2.730614512693265894e+01
3.007105158432668901e+01
3.286523809737924040e+01
3.568842243816757787e+01
3.853993882995608544e+01
4.141837211883884606e+01
4.432129982409121283e+01
4.724541443294218368e+01
5.018699609840964371e+01
5.314249212991829552e+01
5.610914950235826382e+01
5.908480835238043483e+01
6.206761517603684553e+01
6.505601367944279900e+01
6.804862020484357288e+01
7.104419721399072785e+01
7.404166708833557209e+01
7.704014424397814764e+01
8.003889929745993470e+01
8.303729322739336283e+01
8.603466000223494348e+01
8.903028254163584165e+01
9.202332832492415093e+01
9.501295648278056660e+01
9.799840170832882791e+01
1.009789106898894033e+02
1.039538387204524668e+02
1.069227955669687873e+02
1.098856303760743884e+02
1.128424120836161961e+02
1.157934638915605206e+02
1.187391695544287558e+02
1.216797013344198319e+02
1.246151128120235967e+02
1.275453916259219369e+02
1.304702824729816371e+02
1.333892739000251311e+02
1.363016303572057097e+02
1.392066284954162825e+02
1.421034658789812113e+02
1.449913639194448365e+02
1.478695802070905074e+02
1.507373915623634559e+02
1.535943954082630967e+02
1.564401120310221245e+02
