0.000000000000000000e+00
1.259384216218587538e-01
5.469218617307707309e-01
1.257177684939789986e+00
2.245979124429415830e+00
3.497471432104763522e+00
4.987063371340376250e+00
6.681032625375131317e+00
8.542834913698547084e+00
1.054016298983318478e+01
1.264818967931784144e+01
1.484984288409751230e+01
1.713397367016713346e+01
1.949326425530471241e+01
2.192226274104228878e+01
2.441582084739484415e+01
2.696864222795658605e+01
2.957575782729786340e+01
3.223274016843229361e+01
3.493572241658878852e+01
3.768115556402707966e+01
4.046502657429117988e+01
4.328280514249183852e+01
4.612932646606388687e+01
4.899900694539051926e+01
5.188690505446798795e+01
5.478890042652112413e+01
5.770171084353341229e+01
6.062312060160526528e+01
6.355178612416652584e+01
6.648695904716558402e+01
6.942804838199423045e+01
7.237416665356589363e+01
7.532378765918869590e+01
7.827452404428380817e+01
8.122328006941040712e+01
8.416636347041371380e+01
8.709964698988117959e+01
9.001887586850727985e+01
9.292010242280780119e+01
9.580018977416850134e+01
9.865735010506503500e+01
1.014917257719376806e+02
1.043053913782209747e+02
1.071021824555201221e+02
1.098870405385591624e+02
1.126650976878993475e+02
1.154411939936586435e+02
1.182193673900004001e+02
1.210023896609504277e+02
1.237917460805195873e+02
1.265874979810422047e+02
1.293886476797516423e+02
1.321933333526341130e+02
1.349988846021053917e+02
1.378022080967650425e+02
1.406000078011855123e+02
1.433891792179654772e+02
1.461671816328062050e+02
1.489318726839193516e+02
