0.000000000000000000e+00
1.666041000995304167e-01
6.117189413196126857e-01
1.331753674411016775e+00
2.317130155105378897e+00
3.544328598693913257e+00
4.978875798435982603e+00
6.581599566903740595e+00
8.313986278001603836e+00
1.014631446267888926e+01
1.205951302191759744e+01
1.404306093396309763e+01
1.609288955410065469e+01
1.820886781958739320e+01
2.039187540393656306e+01
2.264252559363809425e+01
2.496085297911923107e+01
2.734625309856712150e+01
2.979783602465923309e+01
3.231393632506468094e+01
3.489127283078229169e+01
3.752433762420155006e+01
4.020603130582540530e+01
4.292803684202172576e+01
4.568191690071187594e+01
4.846047464242443681e+01
5.125789974510517055e+01
5.406985898082103859e+01
5.689333068521976600e+01
5.972618521573505035e+01
6.256699823983166198e+01
6.541479290341109731e+01
6.826865696495499947e+01
7.112763699534320949e+01
7.399052693688241789e+01
7.685550005283225516e+01
7.971968001200467313e+01
8.257886068219504239e+01
8.542759343192237509e+01
8.826011726968658877e+01
9.107183261916651418e+01
9.385981494195148400e+01
9.662303128346242431e+01
9.936278183054305657e+01
1.020822250185169935e+02
1.047851515843477443e+02
1.074750782140276044e+02
1.101548416373909163e+02
1.128266877566994282e+02
1.154921766938627457e+02
1.181521950501502261e+02
1.208074815492813627e+02
1.234585414897804299e+02
1.261062866559199449e+02
1.287514131028931388e+02
1.313945267477555490e+02
1.340358170902312054e+02
1.366753279003482078e+02
1.393128202738865582e+02
1.419477519345615235e+02
