0.000000000000000000e+00
-4.691609307694433184e-01
-8.264038082622801040e-01
-1.071096669957440906e+00
-1.200214725417825479e+00
-1.207798253633285190e+00
-1.085516566083695844e+00
-8.232300509028087632e-01
-4.106247523454782944e-01
1.601190790518861040e-01
8.953240389703807089e-01
1.797555077179397109e+00
2.862961938075468726e+00
4.081363753433805641e+00
5.438526166950925500e+00
6.920899826534988364e+00
8.519209274764632411e+00
1.022841889880466759e+01
1.204504609884653732e+01
1.396638135377584966e+01
1.599007657722158982e+01
1.811261527103476610e+01
2.032863403151205617e+01
2.263156662971184829e+01
2.501409018628335801e+01
2.746803713093558841e+01
2.998515599998644632e+01
3.255786447792988270e+01
3.517924752570235825e+01
3.784296524630346426e+01
4.054339767783478976e+01
4.327570854532945788e+01
4.603576402567825454e+01
4.882001765386098668e+01
5.162513095137524033e+01
5.444751339034915105e+01
5.728315186263417047e+01
6.012774700356236224e+01
6.297675906092023013e+01
6.582547226103559979e+01
6.866930528658926391e+01
7.150443585816748282e+01
7.432864728733473214e+01
7.714163090680283119e+01
7.994435668150950391e+01
8.273804082689721895e+01
8.552338020608638658e+01
8.830051263852112697e+01
9.106934845339165463e+01
9.382984306573639799e+01
9.658219675060053078e+01
9.932713959719578156e+01
1.020659603341257764e+02
1.048001099271158267e+02
1.075308333418218325e+02
1.102591732474055277e+02
1.129860700241347757e+02
1.157122272272100645e+02
1.184378624538380933e+02
1.211628785676499120e+02
