0.000000000000000000e+00
-4.122666122963279389e-01
-9.100806555845921686e-01
-1.487043643599028409e+00
-2.129185920852759928e+00
-2.808997903047105282e+00
-3.483994180497084869e+00
-4.103761277548174213e+00
-4.618394374148419246e+00
-4.987544059987770062e+00
-5.185682456888968339e+00
-5.199232047548329128e+00
-5.023429710588415809e+00
-4.658608110421534221e+00
-4.109431930542378986e+00
-3.381813139704382465e+00
-2.483748494589113065e+00
-1.424371382045300116e+00
-2.128290061898077123e-01
1.142458224010095336e+00
2.633393381916364184e+00
4.251661761824622410e+00
5.986792049568919971e+00
7.827198240635417470e+00
9.762916237993245261e+00
1.178613004919074925e+01
1.389166462168133087e+01
1.607693298183742314e+01
1.834043892333015791e+01
2.068082093343443617e+01
2.309639864002073395e+01
2.558485040551797951e+01
2.814301997387851628e+01
3.076690887958018550e+01
3.345127562761577877e+01
3.618966197077918423e+01
3.897456492248266358e+01
4.179767147545982908e+01
4.465051360613337295e+01
4.752535130126550200e+01
5.041587837172454556e+01
5.331743749266212262e+01
5.622681737051280493e+01
5.914178256648521881e+01
6.206057907565494958e+01
6.498168503985905886e+01
6.790371258833967261e+01
7.082545848516927833e+01
7.374617375472259084e+01
7.666561903233311170e+01
7.958380539088838646e+01
8.250060990495701674e+01
8.541551387023851305e+01
8.832757953350842683e+01
9.123581839727128795e+01
9.413938982302128977e+01
9.703770943727110421e+01
9.993041122886720018e+01
1.028172272602255077e+02
1.056979030119462806e+02
