0.000000000000000000e+00
-7.349090947998333512e-01
-1.663407828707964331e+00
-2.767851726012736435e+00
-4.015980032671437883e+00
-5.359622025210755147e+00
-6.738997044572816897e+00
-8.092856891568441569e+00
-9.363385304028875922e+00
-1.049625906000979825e+01
-1.144829642414559956e+01
-1.219232367995383903e+01
-1.271649455957406616e+01
-1.302435900880155195e+01
-1.312946711135574773e+01
-1.304882002036437783e+01
-1.279743342480034407e+01
-1.238579292484409855e+01
-1.182007706518639978e+01
-1.110324624316230846e+01
-1.023842669500744407e+01
-9.232783123190140273e+00
-8.094228167498709325e+00
-6.830039756524572958e+00
-5.446577034933387296e+00
-3.948333223963496508e+00
-2.338996967008231120e+00
-6.211738412749179261e-01
1.203604953845640813e+00
3.133688895146599762e+00
5.165382595871767180e+00
7.294821245320664005e+00
9.518176710553857944e+00
1.183046261010213662e+01
1.422589333876294049e+01
1.669744673102099952e+01
1.923734092230567327e+01
2.183908048920616096e+01
2.449799851550445240e+01
2.720964109725290925e+01
2.996856907764227884e+01
3.276860086495041458e+01
3.560328478681542208e+01
3.846623942837781129e+01
4.135182768770317097e+01
4.425580343052262577e+01
4.717550785661761381e+01
5.010939603100313633e+01
5.305625149238181137e+01
5.601447067439972471e+01
5.898186413672938500e+01
6.195596064253611246e+01
6.493424683264963448e+01
6.791438837368163206e+01
7.089446804768741117e+01
7.387294677478907090e+01
7.684830635302613189e+01
7.981892278866122581e+01
8.278316606104804976e+01
8.573934771781254938e+01
