0.000000000000000000e+00
-7.758132452748068841e-01
-1.913069663912515317e+00
-3.373308109583863512e+00
-5.098056540818988402e+00
-7.011034056334665365e+00
-9.029708983634890274e+00
-1.107837072138369550e+01
-1.309189404949099966e+01
-1.501532992940180122e+01
-1.680150105318534770e+01
-1.841099384115847215e+01
-1.981541526145635856e+01
-2.099910981102122065e+01
-2.195918046924886013e+01
-2.270289994464264183e+01
-2.324285696059375539e+01
-2.359429058044985084e+01
-2.377442649607248271e+01
-2.380197527771065680e+01
-2.369287155460320804e+01
-2.345610193176110414e+01
-2.309214102434231108e+01
-2.259489165363545027e+01
-2.195427307790695082e+01
-2.116296912005854125e+01
-2.022236269914316509e+01
-1.914297849418781539e+01
-1.793830979310182983e+01
-1.661959346872006194e+01
-1.519466124094834569e+01
-1.366898703338362431e+01
-1.204538226512414134e+01
-1.032672594564242630e+01
-8.516836162869473981e+00
-6.617856174570171390e+00
-4.629337734326938403e+00
-2.549305542933104185e+00
-3.758977502889120359e-01
1.891732959642637546e+00
4.251165289996025720e+00
6.695953803693053707e+00
9.216815322133591337e+00
1.180396130949438138e+01
1.444891483683664468e+01
1.714471643019337677e+01
1.988572733800682713e+01
2.266690055327711306e+01
2.548295106406531829e+01
2.832855926999663509e+01
3.119880952706247257e+01
3.408937666072004902e+01
3.699675514038878532e+01
3.991833698594231805e+01
4.285223716607234223e+01
4.579690645509102609e+01
4.875090267599928495e+01
5.171303220637869202e+01
5.468246453094696591e+01
5.765859635651718662e+01
