0.000000000000000000e+00
-7.078961510937707979e-01
-1.890172046022102759e+00
-3.502072615090132679e+00
-5.472882906263036418e+00
-7.709286523710527916e+00
-1.010858499149012601e+01
-1.257457875593878605e+01
-1.502721963158282037e+01
-1.740710392398734285e+01
-1.967465447822518598e+01
-2.180624829467129544e+01
-2.379164521163098200e+01
-2.563123565454952058e+01
-2.733129642325857844e+01
-2.889934325197430809e+01
-3.034041784778856865e+01
-3.165455459083434775e+01
-3.283483719058217787e+01
-3.386810036137755731e+01
-3.473870551805342188e+01
-3.543362370919504656e+01
-3.594648554464374968e+01
-3.628271641798151137e+01
-3.646104867329794530e+01
-3.650304823406850119e+01
-3.642465678532423823e+01
-3.623431223468620743e+01
-3.593186787249582892e+01
-3.551246969906593165e+01
-3.496868861818814622e+01
-3.429210989806733068e+01
-3.347728002855559026e+01
-3.252536799603816320e+01
-3.144278721628231565e+01
-3.023984487658934128e+01
-2.892802281445631962e+01
-2.751708450847422682e+01
-2.601310406222312110e+01
-2.441696968806175860e+01
-2.272678899745805836e+01
-2.094069431663614367e+01
-1.905777338394064557e+01
-1.707953180630045864e+01
-1.501118094975245754e+01
-1.285917321574274652e+01
-1.062990447536961369e+01
-8.329807102955522069e+00
-5.965461614888315722e+00
-3.542574646542232308e+00
-1.064738836895674723e+00
1.465544920960192066e+00
4.045695739802111390e+00
6.672962224893732142e+00
9.344561241080025837e+00
1.205733483122782523e+01
1.480743000355193750e+01
1.759120221055014710e+01
2.040602323717840605e+01
2.324969402314432898e+01
