0.000000000000000000e+00
1.810258075869777480e-02
2.882156195485438901e-02
3.322221018732629538e-02
3.387546217629459205e-02
3.387546716230731975e-02
3.387556310270348203e-02
3.387502630182070984e-02
2.699452549775056137e-02
1.630874966283540201e-03
-5.463519761359650340e-02
-1.511806169747989259e-01
-2.917293581725452500e-01
-4.752680511031179278e-01
-6.989671548430700376e-01
-9.609726737115400486e-01
-1.261582468075906460e+00
-1.602682725747713643e+00
-1.986377904731683408e+00
-2.413447892715050891e+00
-2.882218613061196866e+00
-3.388678163955801903e+00
-3.927599644877670215e+00
-4.493840017485805305e+00
-5.083066940904672926e+00
-5.691752624722347775e+00
-6.317035758123541456e+00
-6.956500533502801176e+00
-7.607909764057072977e+00
-8.268925462409971061e+00
-8.936864326395316027e+00
-9.608681122402689567e+00
-1.028110143505119822e+01
-1.095077823178175258e+01
-1.161459093599581749e+01
-1.227044147413368336e+01
-1.291816033261711283e+01
-1.356007304237683542e+01
-1.420070479875709069e+01
-1.484523867653139639e+01
-1.549735975573464231e+01
-1.615728486758894178e+01
-1.682083619984143752e+01
-1.748041102078584430e+01
-1.812712310656315751e+01
-1.875288082401329959e+01
-1.935132204131502576e+01
-1.991839729737503006e+01
-2.045288754045111190e+01
-2.095672178802612251e+01
-2.143487749320073377e+01
-2.189459925024012321e+01
-2.234415482817550114e+01
-2.279149120608341406e+01
-2.324313790472129426e+01
-2.370370264638784619e+01
-2.417607425611479144e+01
-2.466180769594768307e+01
-2.516155915714074709e+01
-2.567549110803204115e+01
