0.000000000000000000e+00
-7.742149045136015317e-01
-2.058975785892731114e+00
-3.801954802043334247e+00
-5.923540001560553492e+00
-8.324105708233414447e+00
-1.090374366391332828e+01
-1.357729233879784125e+01
-1.627821832567317273e+01
-1.895759355348032216e+01
-2.158215970624304703e+01
-2.413131380102354839e+01
-2.659355611253311835e+01
-2.896346963681206788e+01
-3.123897285576142480e+01
-3.341893705873948051e+01
-3.550127180243138980e+01
-3.748292039464735836e+01
-3.935994800022367457e+01
-4.112661003843530239e+01
-4.277528765901700325e+01
-4.429655219226759755e+01
-4.567726958276726634e+01
-4.690124327484956979e+01
-4.795092793320770852e+01
-4.881283231340185580e+01
-4.948780315758920523e+01
-4.998870153427279917e+01
-5.033820217408320019e+01
-5.055890257493039286e+01
-5.067106781322050324e+01
-5.068875327487046434e+01
-5.061662102847894573e+01
-5.045155656725590632e+01
-5.018348033399481523e+01
-4.980078933522991491e+01
-4.929485986122362107e+01
-4.866140367900555219e+01
-4.790112858284084041e+01
-4.701777059920127755e+01
-4.601677711917035651e+01
-4.490463308256263986e+01
-4.368901541415308998e+01
-4.237578602920385862e+01
-4.096993501892539769e+01
-3.947538876221579329e+01
-3.789384157648517970e+01
-3.622576902353070238e+01
-3.447046810791253790e+01
-3.262815143510954385e+01
-3.070170194699793953e+01
-2.869726835489152350e+01
-2.662496544743966354e+01
-2.449611371140338889e+01
-2.232164658289211445e+01
-2.011153299118680593e+01
-1.787350209446097793e+01
-1.561265249122336485e+01
-1.333236289708223943e+01
-1.103411967959280560e+01
