0.000000000000000000e+00
-6.273935867836505365e-01
-1.794566971381433174e+00
-3.450343972969018402e+00
-5.511642954426251073e+00
-7.873771592662235363e+00
-1.043579713862823155e+01
-1.311673473117817856e+01
-1.585785751497259710e+01
-1.861771649943094786e+01
-2.136638995019574239e+01
-2.408110472582748685e+01
-2.674366638282167585e+01
-2.933958256954038291e+01
-3.185822695186970321e+01
-3.429316591733792308e+01
-3.664222907800819229e+01
-3.890701091344205764e+01
-4.109155890344586481e+01
-4.319972755811483722e+01
-4.523365850689325640e+01
-4.719370601649004016e+01
-4.907812223407977825e+01
-5.088307655977929755e+01
-5.260334569810645888e+01
-5.423217890921353757e+01
-5.576264895956811785e+01
-5.718788339628267892e+01
-5.849952925228769374e+01
-5.968981933600822742e+01
-6.075214134118258613e+01
-6.168218286303856956e+01
-6.247717383143864112e+01
-6.313523057258322524e+01
-6.365860940624268238e+01
-6.405420949965791522e+01
-6.433291248207690671e+01
-6.450469013145064423e+01
-6.457485522087776530e+01
-6.454076758701685890e+01
-6.439402554485948826e+01
-6.412595421428495968e+01
-6.373298132633509994e+01
-6.321993023425619640e+01
-6.259451321007364299e+01
-6.186416132449681982e+01
-6.103566258225552588e+01
-6.011557431646165384e+01
-5.911134730261862558e+01
-5.803174459970416166e+01
-5.688504642371822939e+01
-5.567812337304340531e+01
-5.441294345889467365e+01
-5.308730069242329819e+01
-5.169660030176873988e+01
-5.023576638381089765e+01
-4.870033535179877759e+01
-4.708849895602206459e+01
-4.540032290753261890e+01
-4.363730030944417138e+01
