0.000000000000000000e+00
-7.512237868847272404e-01
-2.027551090738566320e+00
-3.773660512767455621e+00
-5.905347062607191333e+00
-8.321818468959442328e+00
-1.092820604453037703e+01
-1.364982158802577317e+01
-1.643408797272213917e+01
-1.924596124355556626e+01
-2.206128063226194413e+01
-2.486091872050860019e+01
-2.762735564428667701e+01
-3.034352955152192877e+01
-3.299317006526122498e+01
-3.556242998162488078e+01
-3.804314425374032282e+01
-4.043415919069281728e+01
-4.274011490039703887e+01
-4.496974885736864280e+01
-4.713408192811145625e+01
-4.924358959733781660e+01
-5.130604430664995874e+01
-5.332619510385901407e+01
-5.530515837910965615e+01
-5.724036269485830530e+01
-5.912693177199092531e+01
-6.095852593380274698e+01
-6.272803643425231002e+01
-6.442906165020926323e+01
-6.605631460476203642e+01
-6.760537434493289766e+01
-6.907181275262324505e+01
-7.045020587706500237e+01
-7.173398455163837184e+01
-7.291630614863223059e+01
-7.399110689944627950e+01
-7.495389798923820024e+01
-7.580143707773277129e+01
-7.652907215840423305e+01
-7.712845526476937152e+01
-7.759045619929732140e+01
-7.791320896690405107e+01
-7.810747162045737468e+01
-7.819205540550667877e+01
-7.818602222184290440e+01
-7.810435767333432011e+01
-7.795610556978502359e+01
-7.774529159798116495e+01
-7.747204656568953851e+01
-7.713540974011498008e+01
-7.673447890149553530e+01
-7.626843360103590896e+01
-7.573613446166672247e+01
-7.513708919066770875e+01
-7.447022888380951144e+01
-7.373572838334202117e+01
-7.293377677806412862e+01
-7.206446387531771336e+01
-7.112856467211551603e+01
