0.000000000000000000e+00
-5.468339643124757732e-01
-1.445783783092824848e+00
-2.676950079319612819e+00
-4.208486863577176607e+00
-5.996412919520949458e+00
-7.987496005533330390e+00
-1.012719968182135943e+01
-1.236796391112413041e+01
-1.467252024974896152e+01
-1.701401070830128504e+01
-1.937453138273623665e+01
-2.174250949370816244e+01
-2.411027938768263468e+01
-2.647281856071714401e+01
-2.882651441970081407e+01
-3.116771518605685287e+01
-3.349247862936354636e+01
-3.579711980862260390e+01
-3.807850458054601717e+01
-4.033419169753656774e+01
-4.256227858438122524e+01
-4.476107885924757568e+01
-4.692918372854774844e+01
-4.906532025223112470e+01
-5.116797202286370805e+01
-5.323570415862263161e+01
-5.526705628952294092e+01
-5.725963790687430333e+01
-5.921034009946911425e+01
-6.111615897238415585e+01
-6.297415323252599961e+01
-6.478164786678203768e+01
-6.653608171827444551e+01
-6.823381763522689880e+01
-6.987002382565736980e+01
-7.143917336320897959e+01
-7.293494357364298253e+01
-7.435113086324511755e+01
-7.568301831006493785e+01
-7.692847096173470334e+01
-7.808849394806382804e+01
-7.916556831914060410e+01
-8.016207432611115280e+01
-8.108047019175737091e+01
-8.192292028967166573e+01
-8.269051842400632779e+01
-8.338372943956575511e+01
-8.400242742735062507e+01
-8.454576098566056430e+01
-8.501210809661998269e+01
-8.540020553891461930e+01
-8.571053820862461237e+01
-8.594483616453788954e+01
-8.610548374131707305e+01
-8.619409324261675920e+01
-8.620918977632679514e+01
-8.614703980134936501e+01
-8.600486970423015975e+01
-8.578148781777363752e+01
