0.000000000000000000e+00
3.167099765589709293e-02
-2.884065095370178522e-01
-9.573428595938567875e-01
-1.964383284092655391e+00
-3.284678131990785843e+00
-4.874256193866277620e+00
-6.672887706497891536e+00
-8.618198566397932581e+00
-1.065630759934209948e+01
-1.274633711389851953e+01
-1.486008714502305850e+01
-1.697925082832970389e+01
-1.909299765702435536e+01
-2.119588808178669126e+01
-2.328632324536565079e+01
-2.536503597273478050e+01
-2.743347195908916802e+01
-2.949282197997100496e+01
-3.154351694448453358e+01
-3.358497182924153179e+01
-3.561568071211483755e+01
-3.763368676280330760e+01
-3.963731260758277131e+01
-4.162525139950929542e+01
-4.359604607437973556e+01
-4.554782909314624106e+01
-4.747803960078772434e+01
-4.938346281431304874e+01
-5.126041904510163505e+01
-5.310494616337876295e+01
-5.491300401906339346e+01
-5.668117850128481905e+01
-5.840744783182491062e+01
-6.009066945863108344e+01
-6.173014363183595066e+01
-6.332553070989398947e+01
-6.487621091788119543e+01
-6.638113552050188559e+01
-6.783884989060467774e+01
-6.924789116786999443e+01
-7.060670665099304699e+01
-7.191402858746964455e+01
-7.316893653968415379e+01
-7.437005265795527009e+01
-7.551537691694640841e+01
-7.660243844293542281e+01
-7.762847680032098197e+01
-7.859070126981147553e+01
-7.948697776762432454e+01
-8.031594794478466781e+01
-8.107748359720589804e+01
-8.177375241054555488e+01
-8.240939443450687918e+01
-8.299051308722376064e+01
-8.352335629433854081e+01
-8.401316664297964110e+01
-8.446322281274660781e+01
-8.487516575912873407e+01
-8.524953008457450210e+01
