0.000000000000000000e+00
-1.388298002621581595e-01
-4.285430716057697653e-01
-8.683970855844226344e-01
-1.457398892631370790e+00
-2.193948518214825949e+00
-3.073244900521613143e+00
-4.086256917124925891e+00
-5.220974555477100765e+00
-6.463628421390710699e+00
-7.799681389846984558e+00
-9.214177277791097964e+00
-1.069308524885502543e+01
-1.222487881670057774e+01
-1.379991575293800921e+01
-1.540899206813548616e+01
-1.704241500603730941e+01
-1.869154813936018300e+01
-2.034966295536466419e+01
-2.201112776205994948e+01
-2.367183858803848295e+01
-2.532865939199831473e+01
-2.697921555839742780e+01
-2.862154720368203087e+01
-3.025444829596602858e+01
-3.187694419024947834e+01
-3.348728840395014572e+01
-3.508429652336245397e+01
-3.666904506002336461e+01
-3.824555032570275870e+01
-3.981944606281416554e+01
-4.139436100854896949e+01
-4.296987334263630487e+01
-4.454078102762714764e+01
-4.609955901524258337e+01
-4.763969687637932537e+01
-4.915640169630266598e+01
-5.064653122108737904e+01
-5.210712953805008141e+01
-5.353589623653908802e+01
-5.493112648829680467e+01
-5.629217594200780184e+01
-5.761879693022947890e+01
-5.891123251879078992e+01
-6.017021932228393410e+01
-6.139617563566580571e+01
-6.258916721755676349e+01
-6.374838464579604391e+01
-6.487385596680471167e+01
-6.596609634177013959e+01
-6.702552225394076402e+01
-6.805349021687096922e+01
-6.905188763498105686e+01
-7.002237247287361299e+01
-7.096581604396509135e+01
-7.188322602122272542e+01
-7.277478059766697527e+01
-7.364086603071518766e+01
-7.448151819538355767e+01
-7.529632780360630306e+01
