0.000000000000000000e+00
2.509729311241906125e-01
4.933394262040975975e-01
7.274295806975741296e-01
9.543646733669997051e-01
1.175087946636482528e+00
1.391415401879846581e+00
1.606427135427760611e+00
1.823753921256301647e+00
2.048771484640435681e+00
2.288309437331287111e+00
2.550197182372183402e+00
2.842753629480260891e+00
3.172079853743330347e+00
3.538231550977019246e+00
3.935762202595477710e+00
4.356230745127797732e+00
4.790833947523013947e+00
5.231859952959519333e+00
5.672639853327250847e+00
6.106188890416068382e+00
6.526652625870790203e+00
6.930603454790565721e+00
7.316943969790424163e+00
7.687368303303278694e+00
8.044336827145761148e+00
8.390761445942922947e+00
8.727541590665349958e+00
9.053991403415047046e+00
9.368893381274897791e+00
9.671402151526196533e+00
9.962442869856072747e+00
1.024595624786758563e+01
1.052823942017642977e+01
1.081560919019730527e+01
1.111244204227789645e+01
1.141905872367308383e+01
1.173139752713195882e+01
1.204530309969090496e+01
1.235775458235663216e+01
1.266653110352264200e+01
1.297112183857493584e+01
1.327182192991642218e+01
1.356832146826439356e+01
1.385908982221068975e+01
1.414201589914376989e+01
1.441554642956563548e+01
1.467766709511639966e+01
1.492698767956604122e+01
1.516285187659744871e+01
1.538594608403502129e+01
1.559822280969578756e+01
1.580213871517675273e+01
1.599975061568273205e+01
1.619361112979084893e+01
1.638545749777793858e+01
1.657564774791629603e+01
1.676430037023569497e+01
1.695205930461614940e+01
1.713936340878099784e+01
