0.000000000000000000e+00
3.041068690171869204e-01
7.143277167900603519e-01
1.228600229972474089e+00
1.842496288926889880e+00
2.549018458433129908e+00
3.338080764282879365e+00
4.196492299183586461e+00
5.110452322125930813e+00
6.066709038803003828e+00
7.054382227929329119e+00
8.066279570820723777e+00
9.100321592945086024e+00
1.015853797421449833e+01
1.124420557608358884e+01
1.235922572802206076e+01
1.350200241643751475e+01
1.466654973409101892e+01
1.584392294662517031e+01
1.702531215439261203e+01
1.820300563728330445e+01
1.937250129752470684e+01
2.053263947953594482e+01
2.168499598570192433e+01
2.283276633648446818e+01
2.397913761945975608e+01
2.512665934796847367e+01
2.627666169092323045e+01
2.743015586781949366e+01
2.858837311244882073e+01
2.975213010113340317e+01
3.092199828148746477e+01
3.209918859098948474e+01
3.328513217635082810e+01
3.448089899667984071e+01
3.568644975403283581e+01
3.689973639530030880e+01
3.811586337582409101e+01
3.932849155220193182e+01
4.053094758489567795e+01
4.171693959604063195e+01
4.288194036905078121e+01
4.402466442219846243e+01
4.514712511255360283e+01
4.625359431929165765e+01
4.734960432878310144e+01
4.843938515634741293e+01
4.952582558858167516e+01
5.060927434777024558e+01
5.168858186571151947e+01
5.276105305484561114e+01
5.382401401076635494e+01
5.487514478769445958e+01
5.591175712526355568e+01
5.693228235837345608e+01
5.793672495885659401e+01
5.892571692175683040e+01
5.989944771316709193e+01
6.085831821361085758e+01
6.180237550045974615e+01
