0.000000000000000000e+00
2.288431263785867340e-03
2.160469188375606642e-01
6.422274669172711725e-01
1.282928129135758599e+00
2.139750359495152576e+00
3.211656087877895693e+00
4.492452277157883422e+00
5.968933482749971375e+00
7.619401644688844399e+00
9.413126938841660518e+00
1.131323550961925406e+01
1.328247913419352244e+01
1.528743249927171632e+01
1.730187172517028671e+01
1.930791352335893407e+01
2.129496340580446301e+01
2.325796484352474280e+01
2.519637606109046857e+01
2.711274392437004366e+01
2.901162543052353016e+01
3.089883900219427915e+01
3.278107252398754667e+01
3.466467230894289031e+01
3.655503767583930852e+01
3.845618380063138630e+01
4.037044696181740022e+01
4.229918636831227019e+01
4.424279506451188837e+01
4.620012550783438599e+01
4.816869582028516561e+01
5.014441910811903824e+01
5.212245462595635814e+01
5.409730852295704295e+01
5.606489758753615149e+01
5.802273924419769457e+01
5.997025621723919642e+01
6.190806040958960921e+01
6.383696522183513622e+01
6.575782838942856756e+01
6.767192856018405678e+01
6.958090598193697929e+01
7.148653168236094757e+01
7.339049153820585047e+01
7.529443905968284412e+01
7.719942274447878106e+01
7.910578056324767715e+01
8.101374409043485514e+01
8.292313059082168536e+01
8.483306408103696583e+01
8.674137009134835807e+01
8.864501469937668787e+01
9.054015695642547712e+01
9.242292755811602945e+01
9.428904105811521674e+01
9.613492640040684023e+01
9.795761461070888743e+01
9.975545295593234130e+01
1.015270342830688719e+02
1.032719845622388704e+02
