0.000000000000000000e+00
2.702538161838251352e+00
5.404132603167812299e+00
8.099607664457563416e+00
1.078299575858346770e+01
1.344769443497146000e+01
1.608730357759780105e+01
1.869638928170711978e+01
2.127143682700695848e+01
2.381189187800635310e+01
2.632102323328046367e+01
2.880512910216994982e+01
3.127104314101022808e+01
3.372331621042829397e+01
3.616424636269736226e+01
3.859492644603484024e+01
4.101620424758915817e+01
4.342904383010336034e+01
4.583469413811724280e+01
4.823429678515528707e+01
5.062882393368960976e+01
5.301874447619540121e+01
5.540405779612045478e+01
5.778435468682661025e+01
6.015898381915312854e+01
6.252727467288513452e+01
6.488870284240724118e+01
6.724289795868013186e+01
6.959004451004653902e+01
7.193091879282501111e+01
7.426695301221114676e+01
7.660000428227040459e+01
7.893210458932958318e+01
8.126521238041421213e+01
8.360094174060267846e+01
8.593964655106375972e+01
8.828063635828775091e+01
9.062283230148523216e+01
9.296579447122006457e+01
9.530991898880373014e+01
9.765644284696580257e+01
1.000075492187775268e+02
1.023662741063695023e+02
1.047359185758954538e+02
1.071195600003541131e+02
1.095196440684195949e+02
1.119372579013359541e+02
1.143722278042454121e+02
1.168229855990950483e+02
1.192875686514310587e+02
1.217636817530993198e+02
1.242494183393138059e+02
1.267430683509270324e+02
1.292434234078585007e+02
1.317494312034673385e+02
1.342606206668703521e+02
1.367769474054870216e+02
1.392982078625041993e+02
1.418242400357904671e+02
1.443547517619817597e+02
