0.000000000000000000e+00
2.900684246995318905e+00
5.780009740384516093e+00
8.603063708730619652e+00
1.133537276613605727e+01
1.394409963508831574e+01
1.640057893821280999e+01
1.868505312263609142e+01
2.079185012655411668e+01
2.272969321893217653e+01
2.451868858677202923e+01
2.618492285976820000e+01
2.775649968917824850e+01
2.926066353809499532e+01
3.072304996682759182e+01
3.216599357865253950e+01
3.360715879134060913e+01
3.505858687589581280e+01
3.652753529090864504e+01
3.801686077804951225e+01
3.952597667386166336e+01
4.105119790774927679e+01
4.258714425026913375e+01
4.412688539188031456e+01
4.566318044087348937e+01
4.718899364397325513e+01
4.869877684246972649e+01
5.018881301542628393e+01
5.165713340936318332e+01
5.310346115506956721e+01
5.452861930679186031e+01
5.593474034868774680e+01
5.732516795466353443e+01
5.870348745253322420e+01
6.007233265929281174e+01
6.143297786010603545e+01
6.278491315772570402e+01
6.412680285641164346e+01
6.545635054522016105e+01
6.677160248638438134e+01
6.807240377409910081e+01
6.936100892036591858e+01
7.064132401028946617e+01
7.191803950852188621e+01
7.319650611932462425e+01
7.448108553705084489e+01
7.577505040833952421e+01
7.708002791806518417e+01
7.839649926329884977e+01
7.972525445953228029e+01
8.106671040917616722e+01
8.242264517358360365e+01
8.379474410862921729e+01
8.518465784910924299e+01
8.659387146041606798e+01
8.802371032453633859e+01
8.947501043765093698e+01
9.094760411606024775e+01
9.244124621257661545e+01
9.395549127088874286e+01
