0.000000000000000000e+00
2.986964736142494470e+00
5.966937224674278895e+00
8.908193034641881169e+00
1.177374355043450649e+01
1.452106520934809808e+01
1.710671016847280512e+01
1.949501188318286893e+01
2.166378796231876436e+01
2.360610669610808898e+01
2.532792932208317538e+01
2.684552086608169219e+01
2.818221677225590938e+01
2.936452239039026679e+01
3.041931984132353151e+01
3.137211037366613908e+01
3.224573889341482413e+01
3.306023314156211512e+01
3.383169283905406388e+01
3.457296828110052189e+01
3.529390424643824531e+01
3.600155841385056732e+01
3.670056154764177592e+01
3.739404067876503746e+01
3.808436158130258775e+01
3.877398800776627752e+01
3.946527018569123157e+01
4.016053369417097940e+01
4.086132814338175478e+01
4.156803711660339218e+01
4.228044947024159228e+01
4.299669692633058560e+01
4.371425466381746361e+01
4.442962708672295946e+01
4.513913128669020836e+01
4.583836758770036113e+01
4.652373698207662756e+01
4.719212070567406414e+01
4.784209591869668543e+01
4.847329322048681632e+01
4.908717414663979639e+01
4.968673422596963718e+01
5.027596777830351726e+01
5.085922406088371162e+01
5.144117268293963718e+01
5.202582960312905414e+01
5.261619396640553248e+01
5.321374672316486709e+01
5.381872146506891141e+01
5.443024433985181787e+01
5.504661868609769471e+01
5.566553133000324038e+01
5.628425155176417860e+01
5.689956417461933569e+01
5.750894507335931394e+01
5.811060947038104274e+01
5.870347082324372678e+01
5.928665070954936311e+01
5.985944627038423249e+01
6.042175474079633801e+01
