0.000000000000000000e+00
2.996643329092654628e+00
5.982401718850280936e+00
8.902128414688036173e+00
1.169775808791016658e+01
1.431103197676141292e+01
1.669278597395124564e+01
1.881481839261244104e+01
2.067351431657740335e+01
2.228597288300269952e+01
2.368208905972754508e+01
2.489608326738796507e+01
2.596035157295291285e+01
2.690283893108421154e+01
2.774559227017641660e+01
2.850453687407404502e+01
2.919044661357463255e+01
2.980963436160024926e+01
3.036396859453008901e+01
3.085168106548614730e+01
3.126930360981944546e+01
3.161359143553508488e+01
3.188389426720995701e+01
3.208343659351353239e+01
3.222017524908795849e+01
3.230525350109053306e+01
3.235016811654904956e+01
3.236590683862756634e+01
3.236187248837021713e+01
3.234514819146192366e+01
3.232037094643732900e+01
3.229022690379128591e+01
3.225536520020294518e+01
3.221499208807320258e+01
3.216818630954075076e+01
3.211390187676001062e+01
3.205175848960530516e+01
3.198205258132955819e+01
3.190579678424573018e+01
3.182429861746005884e+01
3.173844980429487705e+01
3.164886384314737455e+01
3.155589972214790251e+01
3.146016494468215186e+01
3.136245757693606606e+01
3.126366600258823070e+01
3.116532000857510099e+01
3.106896226553138973e+01
3.097546272071067364e+01
3.088516037069063458e+01
3.079820496297206489e+01
3.071455611407471764e+01
3.063422818347352461e+01
3.055706798228158760e+01
3.048304237306856734e+01
3.041208018613778208e+01
3.034451943882298863e+01
3.027991296510728958e+01
3.021829314547408174e+01
3.015928994681501152e+01
