0.000000000000000000e+00
2.934763105859618193e+00
5.798118101394639012e+00
8.539706753745820222e+00
1.111357806968373296e+01
1.348179131234460471e+01
1.562096721991251869e+01
1.752847383244713697e+01
1.922031274609258844e+01
2.072445837053333406e+01
2.207399245492163686e+01
2.329996394700001616e+01
2.442754513435707153e+01
2.547488572559882769e+01
2.645346860482317553e+01
2.736917523816076425e+01
2.822383966022111323e+01
2.901570229565960801e+01
2.973956849474088315e+01
3.038828294056615675e+01
3.095392386426471987e+01
3.143000828772906630e+01
3.181369586486171741e+01
3.210727462814534761e+01
3.231985847679064960e+01
3.246468122639114995e+01
3.255540030775704707e+01
3.260477691420264534e+01
3.262311189487898133e+01
3.261729409532789958e+01
3.258981953316042990e+01
3.253843226436464420e+01
3.245740277558178377e+01
3.233732410139246127e+01
3.216526704263636560e+01
3.192730356364715405e+01
3.161084036144213627e+01
3.120649331679361538e+01
3.070873535715006852e+01
3.011651664232064007e+01
2.943346129770576169e+01
2.866797038178841461e+01
2.783321686783147086e+01
2.694534907062521256e+01
2.602152937320107640e+01
2.507790867056840867e+01
2.412844746610841185e+01
2.318514311453539989e+01
2.225831448341281060e+01
2.135610218430671381e+01
2.048431080145505945e+01
1.964649330930573967e+01
1.884492235819550743e+01
1.808114868629688488e+01
1.735584625715834761e+01
1.666903606198365040e+01
1.602021949360408115e+01
1.540863952604653164e+01
1.483394160999112188e+01
1.429618577785887190e+01
