0.000000000000000000e+00
2.476816418568408285e+00
4.870756097489157277e+00
7.155715914901190189e+00
9.309681282518830869e+00
1.131992829750931406e+01
1.318515364240466781e+01
1.491329086019940853e+01
1.651845846349632296e+01
1.801690546213700728e+01
1.942299519572280886e+01
2.074748041531368870e+01
2.199805995025547745e+01
2.317971736638486746e+01
2.429512145666771872e+01
2.534458034726814901e+01
2.632581131858128387e+01
2.723399129756797876e+01
2.806110307155943318e+01
2.879741587832244676e+01
2.943347459721478998e+01
2.996349565722782771e+01
3.038761985488203621e+01
3.071299894810960396e+01
3.095164005578522648e+01
3.111846094343750124e+01
3.123003247882292044e+01
3.130140087341663246e+01
3.134526028174594359e+01
3.136996123992862096e+01
3.138004166283766594e+01
3.137559324463134658e+01
3.135141968639650045e+01
3.129800189873049732e+01
3.120222470283519556e+01
3.104866478629313065e+01
3.082074279386617377e+01
3.050209966831850394e+01
3.007998086047146558e+01
2.954890529107289154e+01
2.891182812764317944e+01
2.817697052462688490e+01
2.735612144254824329e+01
2.646491880240417061e+01
2.552064355537154583e+01
2.453912830462940775e+01
2.353358561459227261e+01
2.251433517978805909e+01
2.148944406384283567e+01
2.046516113758583799e+01
1.944610706057031280e+01
1.843618079305467816e+01
1.743805739426933954e+01
1.645488826336525179e+01
1.548894661432422026e+01
1.454226615139704393e+01
1.361613027086687744e+01
1.271101893073839939e+01
1.182699190472329320e+01
1.096417134318073039e+01
