0.000000000000000000e+00
2.340407782768316292e+00
4.667262555119380707e+00
6.975864201805505260e+00
9.261125415789440041e+00
1.151682027677696496e+01
1.373479489487538174e+01
1.590541576144970293e+01
1.801827694929245283e+01
2.006198024981607020e+01
2.202391532898974091e+01
2.389209685325040766e+01
2.565795217785177940e+01
2.731769507694522403e+01
2.887295293493258441e+01
3.032963272276028732e+01
3.169472756213967912e+01
3.297283905489759093e+01
3.416552704720717770e+01
3.527112493639916835e+01
3.628524633960716272e+01
3.720369468715262684e+01
3.802579793009596187e+01
3.875516602636086816e+01
3.939867982021778658e+01
3.996519782813903277e+01
4.046260656205997464e+01
4.089526556515875910e+01
4.126412640257709086e+01
4.156827944890682858e+01
4.180645396096689126e+01
4.197875259487904032e+01
4.208712715936853499e+01
4.213328262230683663e+01
4.211628089025715838e+01
4.203198781913059889e+01
4.187384190448314314e+01
4.163410292025019288e+01
4.130536966270416599e+01
4.088230385886775053e+01
4.036282281200288935e+01
3.974908895159557431e+01
3.904899098265634905e+01
3.827555186486119965e+01
3.744386255107369266e+01
3.656735800906545109e+01
3.565550700421437824e+01
3.471404313109226081e+01
3.374638485283215772e+01
3.275487113206518330e+01
3.174171938721373465e+01
3.070997700698539035e+01
2.966372192490477744e+01
2.860710827959193736e+01
2.754337215577420039e+01
2.647493187829795147e+01
2.540394407200538041e+01
2.433206369034060401e+01
2.325976971122775439e+01
2.218678698722127862e+01
