0.000000000000000000e+00
2.754352001346706214e+00
5.408882073823699344e+00
7.948657447965461031e+00
1.036320778744285320e+01
1.264930743269706959e+01
1.481304478074518371e+01
1.686769601563255705e+01
1.882872831825068261e+01
2.070848387606262975e+01
2.251440615747728202e+01
2.425060411649609193e+01
2.591945405423514970e+01
2.752271415495975759e+01
2.906242020293060691e+01
3.054133496662761260e+01
3.196464297000635213e+01
3.333950077081041030e+01
3.467337284248101525e+01
3.597154561954376106e+01
3.723627371919524620e+01
3.846701161551434467e+01
3.966242593273445749e+01
4.081983305623549541e+01
4.193401665503717624e+01
4.299907987494984241e+01
4.400808297211079179e+01
4.495252478362473880e+01
4.582426264846292696e+01
4.661656288966518957e+01
4.732397390689200023e+01
4.794270134611069523e+01
4.847034166038077529e+01
4.890590152459653694e+01
4.925081067796525502e+01
4.950823025997244287e+01
4.968131026024967412e+01
4.977337735657877715e+01
4.978841030001140666e+01
4.973053289654916398e+01
4.960424899143861666e+01
4.941460849669440591e+01
4.916645464690542866e+01
4.886317485438430452e+01
4.850629555501826218e+01
4.809655426289497626e+01
4.763549321158641447e+01
4.712684702244828117e+01
4.657716734153762417e+01
4.599498142785108001e+01
4.538861902605223975e+01
4.476405368103203131e+01
4.412369663368701111e+01
4.346670433482304219e+01
4.279110987897811924e+01
4.209501428813572232e+01
4.137727330953259042e+01
4.063750493085090199e+01
3.987567452077360741e+01
3.909178884133898890e+01
