0.000000000000000000e+00
2.748021576766462637e+00
5.350903782756253335e+00
7.783458532701542865e+00
1.003354421175367150e+01
1.210746162830919026e+01
1.402919490410018000e+01
1.583241717672913929e+01
1.755245124614911489e+01
1.922118137887246547e+01
2.086108725874412428e+01
2.248566799861643162e+01
2.410197105429590536e+01
2.571283424681765339e+01
2.731987351188755753e+01
2.892408061581770795e+01
3.052483099673553468e+01
3.212031471661998694e+01
3.370777856284186669e+01
3.528256138552865195e+01
3.683937033480027168e+01
3.837516155284334474e+01
3.988747312040783299e+01
4.137330169592184603e+01
4.282974559297786499e+01
4.425348895034611019e+01
4.564101762760654424e+01
4.698830321358825302e+01
4.829075483850244410e+01
4.954160402057874535e+01
5.073307199677984158e+01
5.185534817572469990e+01
5.289640669217079250e+01
5.384390839793657335e+01
5.468650179035983427e+01
5.541843347536503472e+01
5.604165540569277937e+01
5.656316138781945568e+01
5.699270095899606048e+01
5.734100783198182683e+01
5.761879997875008286e+01
5.783622635349377816e+01
5.800212257825659634e+01
5.812381306871989040e+01
5.820821399620970027e+01
5.826140717106979849e+01
5.828711609487532996e+01
5.828653206787710417e+01
5.825816026322797825e+01
5.819710861683880410e+01
5.809642576160553773e+01
5.794901954488385343e+01
5.774805454743551536e+01
5.748898705976043289e+01
5.717167076423546490e+01
5.679887398053004688e+01
5.637345159781386172e+01
5.589752258695731513e+01
5.537258167127350816e+01
5.479932164781731530e+01
