0.000000000000000000e+00
2.861221022077649945e+00
5.519427902777447770e+00
7.910994189431763246e+00
9.995991984437111455e+00
1.177078114448521262e+01
1.327007770236045481e+01
1.455446512931457193e+01
1.569627117912569503e+01
1.676671779265389617e+01
1.782987693168557897e+01
1.893918254427699921e+01
2.013253978706667624e+01
2.143059926336152898e+01
2.283954924276084952e+01
2.435596434823196077e+01
2.596992183687839173e+01
2.766691574657389552e+01
2.942978298356484146e+01
3.123960206128584716e+01
3.307657468127954559e+01
3.492058327163690024e+01
3.675153788511781983e+01
3.854968251394927137e+01
4.029587732450154647e+01
4.197448060226344779e+01
4.357739293458233476e+01
4.510587450807604881e+01
4.656777438282385617e+01
4.797304591508448368e+01
4.933144151675621458e+01
5.065229121534524381e+01
5.194165784813063880e+01
5.320209137088807694e+01
5.443365296838779699e+01
5.563315624682348925e+01
5.679372207710093790e+01
5.790592310188029046e+01
5.895985686360909739e+01
5.994570886927466091e+01
6.085687686661256635e+01
6.169194555955046155e+01
6.245385078123161549e+01
6.314789624222033382e+01
6.378041452430528579e+01
6.435788841226479917e+01
6.488474338397055874e+01
6.536308390648697753e+01
6.579395656650332569e+01
6.617718548639086862e+01
6.651265092583956573e+01
6.680127460784567006e+01
6.704446397845569550e+01
6.724435857156842644e+01
6.740327634151805114e+01
6.752368290361488334e+01
6.760907012836021579e+01
6.766228335019596329e+01
6.768441997431877155e+01
6.767600786940397484e+01
