0.000000000000000000e+00
2.972697284258364991e+00
5.798418912657183455e+00
8.393478725832061116e+00
1.069504630799591638e+01
1.267438460585101545e+01
1.434171569031711790e+01
1.573667244135666543e+01
1.691473580756583317e+01
1.793530250771236823e+01
1.885331352781328107e+01
1.971720386652784640e+01
2.056816946996559636e+01
2.143765406301495702e+01
2.234723739369955098e+01
2.331105818065406510e+01
2.433945922560518582e+01
2.544141117301508004e+01
2.662498644362324285e+01
2.789623561886222447e+01
2.925790452876867676e+01
3.070849881770097767e+01
3.224163576779655926e+01
3.384641816688061766e+01
3.550997392195010605e+01
3.722042846740902178e+01
3.896704988433896943e+01
4.073971126548368460e+01
4.252830480385968315e+01
4.432266172176736063e+01
4.611229354035402395e+01
4.788603968361114482e+01
4.963256734132487935e+01
5.134226679654877046e+01
5.300853567035245817e+01
5.462894706082984442e+01
5.620520838976425892e+01
5.774131294233593081e+01
5.924057965023322936e+01
6.070246383144344549e+01
6.212332090353269365e+01
6.349884383010733302e+01
6.482505485242309362e+01
6.609992931202553734e+01
6.732486869209984093e+01
6.850207159390379275e+01
6.963380438136091755e+01
7.072211229191289306e+01
7.176856992601268814e+01
7.277410373462802795e+01
7.373891882809651577e+01
7.466437834056266354e+01
7.555313006916507845e+01
7.640908648251341617e+01
7.723788165939986072e+01
7.804605664597276871e+01
7.883956243631278937e+01
7.962237824677421827e+01
8.039617057260345234e+01
8.116117773920861111e+01
