0.000000000000000000e+00
2.677029346323189340e+00
5.354102527579718718e+00
8.031195587623869869e+00
1.070829270966226687e+01
1.338538993673695288e+01
1.606248716381163533e+01
1.873958439088616146e+01
2.141667020732776194e+01
2.409362057621251907e+01
2.677001199589008706e+01
2.944504443118062298e+01
3.211773910438373036e+01
3.478722439267629341e+01
3.745284023722164335e+01
4.011400051119300514e+01
4.276997876021125222e+01
4.541984086348095673e+01
4.806254418108967030e+01
5.069718574500428332e+01
5.332330982609981618e+01
5.594105477101216195e+01
5.855104535939977239e+01
6.115413200372849900e+01
6.375117069434553940e+01
6.634294882075758437e+01
6.893016051282322110e+01
7.151342398757381602e+01
7.409333127333501068e+01
7.667052026091516836e+01
7.924575501751235151e+01
8.181994608813101877e+01
8.439410412676211592e+01
8.696926887028341469e+01
8.954639445511566009e+01
9.212611582415493672e+01
9.470851749754528726e+01
9.729302171752043193e+01
9.987850038029370126e+01
1.024636722446215629e+02
1.050476375149142285e+02
1.076303879343216323e+02
1.102130730857925300e+02
1.127977375709513410e+02
1.153866784003924266e+02
1.179818100195534214e+02
1.205843933947424489e+02
1.231949351532056056e+02
1.258131795107434101e+02
1.284382001033627034e+02
1.310685814872693129e+02
1.337026701241653086e+02
1.363388106435770055e+02
1.389755222709269162e+02
1.416116123639174589e+02
1.442462157277311690e+02
1.468787488212451535e+02
1.495088512415610751e+02
1.521363203889672775e+02
1.547610452970898507e+02
