0.000000000000000000e+00
2.973902468161144341e+00
5.768825802507222988e+00
8.297279917797451887e+00
1.049885483733413594e+01
1.235570206259713899e+01
1.389181416958839677e+01
1.515834749744759335e+01
1.621912057418155939e+01
1.713981514088509783e+01
1.797945102895502245e+01
1.878464034901401192e+01
1.958875406375321404e+01
2.041352712161790706e+01
2.127033778295974642e+01
2.216317712424588748e+01
2.309305833099455185e+01
2.405903347827473837e+01
2.505974372788810811e+01
2.609724806525639096e+01
2.717887977714761050e+01
2.831672425282278738e+01
2.952765494440572525e+01
3.082848666571995722e+01
3.223162602889189543e+01
3.374186994204116274e+01
3.535380530414985145e+01
3.705680574614642353e+01
3.883717276705127119e+01
4.068143512366811620e+01
4.257692991783103764e+01
4.451186118200194386e+01
4.647504641052249497e+01
4.845565693570730303e+01
5.044301662177642243e+01
5.242650723356758391e+01
5.439581430878887147e+01
5.634155778981349982e+01
5.825594782738948396e+01
6.013251577973110784e+01
6.196600056323480743e+01
6.375309146162311436e+01
6.549362612751437496e+01
6.718863827165992575e+01
6.884063065242469293e+01
7.045361490771415447e+01
7.203166611704565980e+01
7.357879131304915177e+01
7.509785616227759419e+01
7.659169851272250185e+01
7.806332895248019099e+01
7.951570905161784708e+01
8.095436829735072592e+01
8.238628263362699045e+01
8.381914337273808258e+01
8.526064032007518279e+01
8.671661652515913943e+01
8.819066759833157221e+01
8.968509470842369069e+01
9.119995493667573783e+01
