0.000000000000000000e+00
2.913130555536751931e+00
5.656130950610691599e+00
8.135073891388856282e+00
1.028706658047986799e+01
1.209923834356651362e+01
1.360571666159035331e+01
1.486903661964710288e+01
1.596073704573577423e+01
1.694901086133632973e+01
1.789220875996287319e+01
1.883524682572247855e+01
1.980813443794957962e+01
2.082739546804736008e+01
2.189912818434553898e+01
2.302197568807038053e+01
2.419045320957142309e+01
2.539758416308152889e+01
2.663616366012505665e+01
2.790060990354715642e+01
2.918782102586077798e+01
3.049694676082963340e+01
3.183031655431950213e+01
3.319359629405912671e+01
3.459445611709492852e+01
3.604195919730744890e+01
3.754434096046671243e+01
3.910777219662460880e+01
4.073661041235608593e+01
4.243169077851811011e+01
4.419110114892064445e+01
4.601015471737444784e+01
4.788168736685272364e+01
4.979720540756843405e+01
5.174808762458586386e+01
5.372679164174876831e+01
5.572627117839869015e+01
5.773994494437611280e+01
5.976234184363975999e+01
6.178912208671086859e+01
6.381646540967219750e+01
6.584088557746439108e+01
6.785947721044135506e+01
6.987143915009197315e+01
7.187763352150832930e+01
7.387932177582213455e+01
7.587706320587373909e+01
7.786959323658743415e+01
7.985383497849058188e+01
8.182600205876953225e+01
8.378241560812304556e+01
8.572003244705588543e+01
8.763532112614160496e+01
8.952505018770247602e+01
9.138688809370256649e+01
9.321915598076597576e+01
9.502018055631269533e+01
9.678891960129219285e+01
9.852374022914322893e+01
1.002228507350730382e+02
