0.000000000000000000e+00
2.825099677713740931e+00
5.454004846342771273e+00
7.797505609385054548e+00
9.798869016673133814e+00
1.144979590585303697e+01
1.278760410551812932e+01
1.387932629517347216e+01
1.480488042012902028e+01
1.564266496146615282e+01
1.646024433775506779e+01
1.731068460892232608e+01
1.823155203461356777e+01
1.924551378814691205e+01
2.036222030248002213e+01
2.158064598681727375e+01
2.289096661580470027e+01
2.427882997433932744e+01
2.572925096451523785e+01
2.722884969252049103e+01
2.876700131512763292e+01
3.033641843635085422e+01
3.193273719567552504e+01
3.355395959232694736e+01
3.520026949975677155e+01
3.687303017591997190e+01
3.857420897740772858e+01
4.030602326767348842e+01
4.207025629625972130e+01
4.386777532235684873e+01
4.569845192447158411e+01
4.756194935532651158e+01
4.945849091866531211e+01
5.138855696113289184e+01
5.335308599461917822e+01
5.535322026495849457e+01
5.739001051169792333e+01
5.946425070906693122e+01
6.157511366319437940e+01
6.371944390029275951e+01
6.589256643427023619e+01
6.808855940593555545e+01
7.030033633644339375e+01
7.252117502123186910e+01
7.474568234822541513e+01
7.697063903084533365e+01
7.919520975778580407e+01
8.141965421798799696e+01
8.364423417285362916e+01
8.586875636873357109e+01
8.809267588553350947e+01
9.031550957357323739e+01
9.253670302377190637e+01
9.475484967529622793e+01
9.696849258131024385e+01
9.917667222458867116e+01
1.013787033500051962e+02
1.035736476183390380e+02
1.057602842741973461e+02
1.079374375065345504e+02
