0.000000000000000000e+00
2.636352830710936068e+00
5.174079042483302970e+00
7.568055241416954182e+00
9.781685536278704518e+00
1.179371731606429741e+01
1.360485511686321303e+01
1.523779419076023522e+01
1.672927566703807400e+01
1.812059113487493534e+01
1.944936403094700950e+01
2.074460753097247689e+01
2.202662018240459929e+01
2.330911731002153786e+01
2.460063096770268487e+01
2.590643869584283721e+01
2.723116928664318692e+01
2.857942162178605017e+01
2.995499486838358294e+01
3.136051006305683941e+01
3.279715500589095711e+01
3.426455159739426648e+01
3.576114378538508021e+01
3.728438317895787435e+01
3.883128011549858627e+01
4.039910223178643633e+01
4.198506773208666232e+01
4.358672030716502377e+01
4.520329844904451022e+01
4.683486716225449698e+01
4.848070043084625524e+01
5.014032549181236220e+01
5.181400061338526086e+01
5.350201186324368052e+01
5.520521829702212813e+01
5.692515418479889888e+01
5.866370554847726737e+01
6.042297527537347435e+01
6.220427982899141739e+01
6.400816412961611945e+01
6.583523843998337099e+01
6.768544327619771650e+01
6.955816553049113793e+01
7.145412597193397630e+01
7.337510822971702851e+01
7.532253461554770979e+01
7.729764661223146049e+01
7.930149105966356160e+01
8.133439527507589162e+01
8.339602085928419228e+01
8.548535497364402147e+01
8.760050933090835201e+01
8.973934291947711017e+01
9.189963069584844391e+01
9.407845975784520931e+01
9.627292740836688267e+01
9.848053551979766951e+01
1.006985021228305612e+02
1.029241117216094068e+02
1.051551228100276489e+02
