0.000000000000000000e+00
2.770447905055366977e+00
5.522480638063719027e+00
8.211034696949660372e+00
1.079199098081023322e+01
1.322756868216862713e+01
1.549658813474506047e+01
1.760380207236590522e+01
1.957648874979262743e+01
2.145321989756589076e+01
2.327200392430601994e+01
2.506319489496288000e+01
2.684798916259602919e+01
2.863918886287209631e+01
3.044310338997650334e+01
3.226143043004603328e+01
3.409317238962589869e+01
3.593654805938601271e+01
3.779000996372101184e+01
3.965264331749462201e+01
4.152419536828675461e+01
4.340474760201970383e+01
4.529417197871497791e+01
4.719144536227878461e+01
4.909447029831146381e+01
5.100063193160974606e+01
5.290786040313690819e+01
5.481594458226531685e+01
5.672689943192259676e+01
5.864433216384745862e+01
6.057276486727735687e+01
6.251718369668819264e+01
6.448213085579284609e+01
6.647097746387953521e+01
6.848562574210791354e+01
7.052671791153652237e+01
7.259382312041543628e+01
7.468557059154748856e+01
7.679966727798880299e+01
7.893302543967320162e+01
8.108254496602103245e+01
8.324608220542047832e+01
8.542287893531931786e+01
8.761419205870042504e+01
8.982350796174772256e+01
9.205633484361402452e+01
9.431913126903808120e+01
9.661807936460017743e+01
9.895799904679890346e+01
1.013415585811069519e+02
1.037695503454221466e+02
1.062408487067753526e+02
1.087527714779759833e+02
1.113015165666559625e+02
1.138826740794370949e+02
1.164919189697155986e+02
1.191254914507437235e+02
1.217805111806137006e+02
1.244547041798839047e+02
1.271461715005166866e+02
