0.000000000000000000e+00
2.752222310781445636e+00
5.492566689975456384e+00
8.212707750223414038e+00
1.090430891269181046e+01
1.355911592976808677e+01
1.616990371556249784e+01
1.873159009811926268e+01
2.124161350586956587e+01
2.369995632832513266e+01
2.610887447920917381e+01
2.847272715412880117e+01
3.079701971252780623e+01
3.308702206494795917e+01
3.534771043877660190e+01
3.758448223197616755e+01
3.980368169422468583e+01
4.201135010172869499e+01
4.421238308870983502e+01
4.641096434608795818e+01
4.861016017534048927e+01
5.081228295227580105e+01
5.301902015783484501e+01
5.523169030660289280e+01
5.745097607149436669e+01
5.967729521753319943e+01
6.191149845266997431e+01
6.415370567726770901e+01
6.640193992028436298e+01
6.865150168954082233e+01
7.089566599670258995e+01
7.312802336700042360e+01
7.534396631911963027e+01
7.754216236028190679e+01
7.972454738520329443e+01
8.189500537886208065e+01
8.405894060491228004e+01
8.622249098625658803e+01
8.839174192959970355e+01
9.057136275984072427e+01
9.276463163947708779e+01
9.497351701097464627e+01
9.719845283883812215e+01
9.943886963290049152e+01
1.016930349471208501e+02
1.039595279129903389e+02
1.062372723154295784e+02
1.085255420332263867e+02
1.108237183791652001e+02
1.131318144109951476e+02
1.154504790883741094e+02
1.177800889901221524e+02
1.201212702796598819e+02
1.224746449338213665e+02
1.248406617060901169e+02
1.272199151886428581e+02
1.296128725143230156e+02
1.320197419301909179e+02
1.344405318212593556e+02
1.368751386405168660e+02
