0.000000000000000000e+00
2.685141322159136479e+00
5.371072437383681120e+00
8.057736192639282535e+00
1.074501250855744416e+01
1.343280426925887205e+01
1.612095094117880478e+01
1.880920001529962349e+01
2.149725895477406468e+01
2.418468024282747209e+01
2.687083808425819242e+01
2.955489447975645589e+01
3.223575356035692607e+01
3.491230096380610348e+01
3.758399534906089912e+01
4.025111789636562065e+01
4.291462205498043403e+01
4.557575042972928259e+01
4.823572244216288851e+01
5.089563825978850531e+01
5.355662693399890628e+01
5.621951714722817428e+01
5.888457868156761776e+01
6.155146039815882375e+01
6.421908529931091891e+01
6.688604941407845672e+01
6.955101835550416922e+01
7.221357679693630871e+01
7.487428928595488742e+01
7.753437285917192412e+01
8.019523618831684075e+01
8.285792935629416434e+01
8.552277670624593497e+01
8.818933834149518702e+01
9.085680627515223762e+01
9.352434510012673741e+01
9.619151572096126301e+01
9.885846996600828618e+01
1.015254536902863549e+02
1.041926847789364530e+02
1.068603237798538288e+02
1.095283028984966052e+02
1.121964411038025560e+02
1.148645995469021983e+02
1.175328661321892412e+02
1.202014320800072511e+02
1.228704552576322726e+02
1.255401580284214731e+02
1.282107319708156012e+02
1.308823394575753980e+02
1.335549642511830370e+02
1.362284302951059090e+02
1.389023770478616484e+02
1.415764122452217464e+02
1.442501351073173055e+02
1.469232343738690076e+02
1.495955884902294599e+02
1.522670817249064328e+02
1.549376019532841724e+02
1.576070082286864533e+02
