0.000000000000000000e+00
2.713599526579091314e+00
5.413152074985593032e+00
8.094772441567698706e+00
1.075528276591437304e+01
1.339261946497877531e+01
1.600633589214043084e+01
1.859795709266629515e+01
2.117031874825520532e+01
2.372700572655782381e+01
2.627139852828933897e+01
2.880585557678207564e+01
3.133089711369801478e+01
3.384544253908849498e+01
3.634787974108684949e+01
3.883718036297837983e+01
4.131389422382771670e+01
4.378071282483445970e+01
4.624189789671518724e+01
4.870171334689765530e+01
5.116385120420967070e+01
5.363034656852194360e+01
5.610158214896383555e+01
5.857667078747877554e+01
6.105402384846239983e+01
6.353211617376395992e+01
6.600975207309555515e+01
6.848631259048062248e+01
7.096132842768051319e+01
7.343417894123588496e+01
7.590433180859612605e+01
7.837117417765821870e+01
8.083352388244082931e+01
8.328985294498350811e+01
8.573870466482118502e+01
8.817922260888883557e+01
9.061165135596773723e+01
9.303784092256358917e+01
9.546043373964309353e+01
9.788218282248085700e+01
1.003054493164245002e+02
1.027314742577994053e+02
1.051602987162780352e+02
1.075911961707410001e+02
1.100234198716041618e+02
1.124562919392505336e+02
1.148900329559971851e+02
1.173250784172348204e+02
1.197624197519802323e+02
1.222028584100094974e+02
1.246470375635885404e+02
1.270949917046021369e+02
1.295462893576974750e+02
1.320006139851159332e+02
1.344573530975279141e+02
1.369155113963167310e+02
1.393741095433096291e+02
1.418325840253588410e+02
1.442903792010620805e+02
1.467472062612842194e+02
