0.000000000000000000e+00
2.814989270427474377e+00
5.621770354100643630e+00
8.403830464403284850e+00
1.114363053241761037e+01
1.382228312050444607e+01
1.642007760719903331e+01
1.891810611518089758e+01
2.130102647608913458e+01
2.356095644231448105e+01
2.570191671818549395e+01
2.774152345590992752e+01
2.970771408243845713e+01
3.163306285478484980e+01
3.354760847375141708e+01
3.547395849548399838e+01
3.742614475278701747e+01
3.941055532110090809e+01
4.142734362372807766e+01
4.347242327085712077e+01
4.553945686038035490e+01
4.762133436683134136e+01
4.971066645397706907e+01
5.180072752484500143e+01
5.388587011773736180e+01
5.596178638589024956e+01
5.802567920997285000e+01
6.007554105922789489e+01
6.211003272007113907e+01
6.412892322515851617e+01
6.613287806768437349e+01
6.812376282838624775e+01
7.010399587034841318e+01
7.207731901103630889e+01
7.404782471489741624e+01
7.602005100392256054e+01
7.799789938388794042e+01
7.998407371482045392e+01
8.198008124577823708e+01
8.398619424105919506e+01
8.600139223555217427e+01
8.802349278930648779e+01
9.004928608899160736e+01
9.207497847747669084e+01
9.409636325459105421e+01
9.610946993986325992e+01
9.811088174190439304e+01
1.000979220868931918e+02
1.020698027551745781e+02
1.040278125223135959e+02
1.059755703618483125e+02
1.079177147190837189e+02
1.098589891766866486e+02
1.118029222426614808e+02
1.137525493297339239e+02
1.157096224313590227e+02
1.176751961849900283e+02
1.196492180820468860e+02
1.216315194639628601e+02
1.236213798419214669e+02
