0.000000000000000000e+00
2.375546947623711786e-03
-4.798287045449232957e-03
-2.171221533543976276e-02
-4.845783989761460325e-02
-8.515999280356008339e-02
-1.312672270693877874e-01
-1.859369012585398717e-01
-2.480238906338047555e-01
-3.164109265736415599e-01
-3.897964856924251431e-01
-4.670979817470066187e-01
-5.478165308643683229e-01
-6.315819003537023191e-01
-7.180797138417439607e-01
-8.074487052385131980e-01
-8.997395360357171024e-01
-9.944263978211443922e-01
-1.090648833104021609e+00
-1.186335855859667499e+00
-1.279339114939383792e+00
-1.366526272239596107e+00
-1.445087503645645644e+00
-1.512769824635132654e+00
-1.567455463952090122e+00
-1.608549213159636393e+00
-1.636133202565932976e+00
-1.651224558617855775e+00
-1.653584321569800286e+00
-1.642337624790517259e+00
-1.614502598198882310e+00
-1.565462222356542643e+00
-1.488681483646866255e+00
-1.376799287134018446e+00
-1.223184164835970922e+00
-1.024353987407820687e+00
-7.828453460302076117e-01
-5.062280694620721055e-01
-2.047704753966920199e-01
1.129025700309506663e-01
4.401265612245309766e-01
7.735178800181834458e-01
1.110627543679957752e+00
1.450181547245671609e+00
1.791768059645941769e+00
2.135326730613009705e+00
2.481550921944442933e+00
2.831196122369898482e+00
3.185717803740867105e+00
3.546330339584335523e+00
3.914264422186326975e+00
4.290405538443542000e+00
4.675296449047480429e+00
5.068919689803260908e+00
5.471546417659828521e+00
5.883099276387802945e+00
6.303488694589904462e+00
6.732541363812633683e+00
7.170239946801610920e+00
7.616741037218205612e+00
