0.000000000000000000e+00
-4.963529728437799521e-02
-5.466876694810286763e-02
-1.388435155733785953e-02
7.468189370411641714e-02
2.148065991080340686e-01
4.118241890260716520e-01
6.721559483085217668e-01
1.001241448808066314e+00
1.403710231992143509e+00
1.880809404876021995e+00
2.429200563446219707e+00
3.039282326014640212e+00
3.696473111790240296e+00
4.382822311478129507e+00
5.078700768410597810e+00
5.765429601694744832e+00
6.427144685065266927e+00
7.051943016060807423e+00
7.629459554847285219e+00
8.151331414116711471e+00
8.610547348311158089e+00
9.002091792313066776e+00
9.323272338615115729e+00
9.575022924218501430e+00
9.762214367712752860e+00
9.892016256506462213e+00
9.972378190382302776e+00
1.000974624331089657e+01
1.000765189861818705e+01
9.965276988661370794e+00
9.878055091644016628e+00
9.738000886246426901e+00
9.535304839368336616e+00
9.259878422892844796e+00
8.904488102967881957e+00
8.468664269372130349e+00
7.959196046227503096e+00
7.388003374182237515e+00
6.769745616654470943e+00
6.119699900270214599e+00
5.451021911541810816e+00
4.773981346322520025e+00
4.094713905246621266e+00
3.416566766275130451e+00
2.741506214313500944e+00
2.069059910828839222e+00
1.396182789405634228e+00
7.187943463284840462e-01
3.295414418177722293e-02
-6.653926493863338010e-01
-1.380585422976228438e+00
-2.117081805395045979e+00
-2.878153678483351463e+00
-3.666279241564516234e+00
-4.483716119714983961e+00
-5.332085692787051912e+00
-6.212060053463135390e+00
-7.123881181528001427e+00
-8.067175215973842128e+00
