0.000000000000000000e+00
-5.952613674770773806e-03
9.844274462149636695e-02
3.140383031954455673e-01
6.403578248934316264e-01
1.073662824496352419e+00
1.604186402440286097e+00
2.217399910498675464e+00
2.896403813815088490e+00
3.622379764490093468e+00
4.377794798448451985e+00
5.146828412480638271e+00
5.914694101333024534e+00
6.668526439751057744e+00
7.398067236665654356e+00
8.094320346347998907e+00
8.749371818079819008e+00
9.356480868240726778e+00
9.910178623625654382e+00
1.040591364588531320e+01
1.083974445038851186e+01
1.120989225235117814e+01
1.151775913955104613e+01
1.176740813138274433e+01
1.196472681304177854e+01
1.211585877726075289e+01
1.222652118094730511e+01
1.230102439305295725e+01
1.234390650195872396e+01
1.235941580681785190e+01
1.234986345847302580e+01
1.231775397157420215e+01
1.226498668877111164e+01
1.219263478121206745e+01
1.210081695871239660e+01
1.198853046952411638e+01
1.185352399124124823e+01
1.169222769793729455e+01
1.150134347179993100e+01
1.127718211073645627e+01
1.101620148272422384e+01
1.071424821368528768e+01
1.036660124713819187e+01
9.969611839908623097e+00
9.520624441336545729e+00
9.017331914846851149e+00
8.458529355349512002e+00
7.844835544021135476e+00
7.178821502632304785e+00
6.464800598402480780e+00
5.706927889031118362e+00
4.908769010711979242e+00
4.073353120821701978e+00
3.202753093051306177e+00
2.298747254664442075e+00
1.361490916931797690e+00
3.903551970253716918e-01
-6.149030927361184284e-01
-1.654496160571120811e+00
-2.728324178502440134e+00
