0.000000000000000000e+00
-4.413325071708815162e-02
5.062110069508046761e-02
2.840879471252191757e-01
6.528741026899655964e-01
1.149692668458292211e+00
1.762291058782997855e+00
2.475021846704820394e+00
3.271166843086845688e+00
4.134475970964992086e+00
5.050177049230568649e+00
6.004503521999816407e+00
6.984063167557403418e+00
7.974230805841810543e+00
8.960190237238226274e+00
9.928215481126493103e+00
1.086575907728720125e+01
1.176202697616181148e+01
1.260849706997053232e+01
1.339916684719634610e+01
1.413018059227854373e+01
1.479998990448996032e+01
1.540880680395628666e+01
1.595784965199453964e+01
1.644827154321801999e+01
1.687940216051015341e+01
1.725035359828316572e+01
1.756145427163346184e+01
1.781369620399595632e+01
1.800912999228388145e+01
1.815080692753045710e+01
1.824264141272526629e+01
1.828832830685717070e+01
1.829078281645335124e+01
1.825064625435235754e+01
1.816689960656027836e+01
1.803824625662652537e+01
1.786221810809770005e+01
1.763754854018501206e+01
1.736434030889501656e+01
1.704283746956417289e+01
1.667412965554557047e+01
1.626082492618281705e+01
1.580627830600101191e+01
1.531427923301689731e+01
1.478920653781234407e+01
1.423484736111326043e+01
1.365333560731892071e+01
1.304605875459575515e+01
1.241401489378994150e+01
1.175703683217923334e+01
1.107391180518368046e+01
1.036264872202329634e+01
9.621568426827096232e+00
8.848896914511376721e+00
8.043181605301393589e+00
7.203256352355390746e+00
6.328240970945146593e+00
5.418350919386170972e+00
4.473584594264509384e+00
