0.000000000000000000e+00
3.754581883247833374e-01
1.002861517479352482e+00
1.868247068336563066e+00
2.948581269864408938e+00
4.211513123073693521e+00
5.616755492126378257e+00
7.120600734914733998e+00
8.682982619795700074e+00
1.026976878103343616e+01
1.185237582519509836e+01
1.340781174198178505e+01
1.491810013920363787e+01
1.636947515812675391e+01
1.775222811129990319e+01
1.906116399843896758e+01
2.029498552092373131e+01
2.145497071177890192e+01
2.254406500956167037e+01
2.356520180679502019e+01
2.452035153491100061e+01
2.541089611250455249e+01
2.623707503288358467e+01
2.699917193547144478e+01
2.769874743432940534e+01
2.833807106717937074e+01
2.892104339379002198e+01
2.945279639097586610e+01
2.993724729525995798e+01
3.037605047996227725e+01
3.076805671111478091e+01
3.111013374614996252e+01
3.139907176129280941e+01
3.163355173896510308e+01
3.181580150972920507e+01
3.194949934696849070e+01
3.203767508696789434e+01
3.208256480338638283e+01
3.208446020372102936e+01
3.204173668370228967e+01
3.195120453769482438e+01
3.180864814206586288e+01
3.161074671530930758e+01
3.135650184232633109e+01
3.104961316328039445e+01
3.069774777477123706e+01
3.030969401437095101e+01
2.989360505009944902e+01
2.945496500048484734e+01
2.899620162850169081e+01
2.851752180426691297e+01
2.801602705323919196e+01
2.748620802706911448e+01
2.692047674883020392e+01
2.631016338865253701e+01
2.564734141796294509e+01
2.492552586030541661e+01
2.414056944378569014e+01
2.329081141166348345e+01
2.237595301735419540e+01
