0.000000000000000000e+00
1.466506040279283996e+00
3.010508001239852405e+00
4.614729020797318171e+00
6.258652026912213451e+00
7.921753762348553884e+00
9.587894575157552168e+00
1.124856755383119733e+01
1.290243868308317410e+01
1.454872130752455917e+01
1.618444726185406779e+01
1.780441425143776257e+01
1.940043114310444494e+01
2.096226922515065283e+01
2.247995432611525146e+01
2.394495474392126866e+01
2.535050103568817903e+01
2.669143051166420832e+01
2.796368981442210000e+01
2.916373114393206123e+01
3.028880105556066837e+01
3.133716355643252882e+01
3.230755220359329627e+01
3.320076593515066321e+01
3.402065099277258753e+01
3.477218551030837546e+01
3.546137420074015978e+01
3.609446840586368666e+01
3.667679164118613500e+01
3.721283411640571614e+01
3.770547618812986457e+01
3.815610045434242892e+01
3.856584674285036130e+01
3.893516529022908657e+01
3.926334873742854370e+01
3.954859400128393787e+01
3.978847145015910058e+01
3.997970146188990270e+01
4.011953670897860036e+01
4.020776318868328048e+01
4.024525912140928341e+01
4.023279578464309481e+01
4.017067736472428408e+01
4.005868960821843672e+01
3.989747711224109850e+01
3.968811556867920132e+01
3.943083150565223605e+01
3.912585116269357854e+01
3.877392364341118736e+01
3.837513839233733393e+01
3.792921508506653083e+01
3.743675289834606446e+01
3.689949380227235309e+01
3.631997636607410840e+01
3.570088083725282502e+01
3.504455559387900365e+01
3.435254828092985946e+01
3.362675725805757310e+01
3.286837301478927742e+01
3.207736588094804375e+01
