0.000000000000000000e+00
1.704668872065528529e+00
3.454423405381510825e+00
5.247186739551882084e+00
7.081423977099663425e+00
8.956337232748145638e+00
1.087184038188503088e+01
1.282712229750194055e+01
1.481938006207515279e+01
1.684448372123506132e+01
1.889723819851946729e+01
2.097073608327736594e+01
2.305644453014252804e+01
2.514552735694296715e+01
2.722946586623182696e+01
2.929928925509805993e+01
3.134512393052804669e+01
3.335722482391316390e+01
3.532721911351419664e+01
3.724806285457488997e+01
3.911346681998035990e+01
4.091757287510821328e+01
4.265450224705943327e+01
4.431824506381080653e+01
4.590348574947650206e+01
4.740705426189123273e+01
4.882839647349243961e+01
5.016910293150166922e+01
5.143235632313070482e+01
5.262215267602313418e+01
5.374217683492814501e+01
5.479493845852326928e+01
5.578178456160134857e+01
5.670336903368426107e+01
5.756043779475779587e+01
5.835452127797844923e+01
5.908777488769990072e+01
5.976180770265684572e+01
6.037709728846564872e+01
6.093330315062897995e+01
6.142955882738302620e+01
6.186416430673665445e+01
6.223458186739000553e+01
6.253860755653571601e+01
6.277638402534345374e+01
6.295127031880400637e+01
6.306929073941983432e+01
6.313783094891094549e+01
6.316433036017065916e+01
6.315502612787401659e+01
6.311516051222118762e+01
6.304948736886365168e+01
6.296157942738584268e+01
6.285429410833793895e+01
6.273128344516715771e+01
6.259669791452525089e+01
6.245339536804274161e+01
6.230287665320972934e+01
6.214598571747794864e+01
6.198316131684433827e+01
