0.000000000000000000e+00
1.076576586036643857e+00
2.349795783645403091e+00
3.809963791753969264e+00
5.444905933370061568e+00
7.241302307607314859e+00
9.185024655739784549e+00
1.126101427539780708e+01
1.345303182471421266e+01
1.574337752020627335e+01
1.811293902852436943e+01
2.054210944416652751e+01
2.301181980697569429e+01
2.550418777780492263e+01
2.800281673421972783e+01
3.049255926498022617e+01
3.295895543616830281e+01
3.538854840897789700e+01
3.776938570296982789e+01
4.009175083728645461e+01
4.234852088348304733e+01
4.453528276665468155e+01
4.665087803685094059e+01
4.869752154632990226e+01
5.067919422248142780e+01
5.259952806437146222e+01
5.446073003259138545e+01
5.626296967018240025e+01
5.800424787896285039e+01
5.968064527430511390e+01
6.128687995475770123e+01
6.281665772270006443e+01
6.426330903203836442e+01
6.562011796028112087e+01
6.688132717785863690e+01
6.804339914073986506e+01
6.910631715998523816e+01
7.007431968728054983e+01
7.095551299218304564e+01
7.176012114858905022e+01
7.249791616266321626e+01
7.317646387874245306e+01
7.380045446018715438e+01
7.437179947526739454e+01
7.489016224040568659e+01
7.535350646661287044e+01
7.575923243993207734e+01
7.610580973459202880e+01
7.639340391939285269e+01
7.662434695453752909e+01
7.680308941442280002e+01
7.693577479058718893e+01
7.702912133653822480e+01
7.708970635594897658e+01
7.712368716038449179e+01
7.713632664285196938e+01
7.713111570936548844e+01
7.710978630856293137e+01
7.707313279695310371e+01
7.702149649611278903e+01
