0.000000000000000000e+00
9.881253953231519116e-01
2.184369552570661011e+00
3.573969072972469796e+00
5.138384595753386463e+00
6.859314142849587626e+00
8.722744188103131791e+00
1.071862963347917130e+01
1.283885276184123292e+01
1.507493025558487787e+01
1.741425479983430691e+01
1.983814972806995414e+01
2.232429435017773400e+01
2.484985270760220288e+01
2.739435321814982771e+01
2.994153231968367024e+01
3.247974207430172555e+01
3.500027566052023076e+01
3.749587776501250147e+01
3.996049099934420923e+01
4.238876997950136882e+01
4.477584603650507944e+01
4.711779225628836087e+01
4.941175103242640887e+01
5.165516535741674886e+01
5.384521697692627384e+01
5.597897111991117214e+01
5.805310009839294594e+01
6.006354976812178847e+01
6.200732394844914808e+01
6.388368492891027017e+01
6.569313041780522155e+01
6.743697484934973829e+01
6.911735581722494715e+01
7.073601382931654769e+01
7.229287143313881359e+01
7.378573367846254882e+01
7.520949225965060236e+01
7.655625001332997215e+01
7.781870103889711743e+01
7.899311735481519747e+01
8.007969617041298704e+01
8.108226849528813318e+01
8.200789687955648333e+01
8.286484649415386627e+01
8.365995726136844723e+01
8.439668711440427273e+01
8.507521905911235649e+01
8.569436661125135402e+01
8.625411452637969489e+01
8.675665284657164023e+01
8.720512485494685961e+01
8.760202559878052853e+01
8.794806922770794699e+01
8.824224819712624424e+01
8.848264950980535559e+01
8.866800575424601050e+01
8.879852521576727042e+01
8.887471325962296476e+01
8.889636316937342997e+01
