0.000000000000000000e+00
6.698742562540808132e-01
1.606777381226156098e+00
2.783772634503190790e+00
4.167691162339878908e+00
5.725845169626090581e+00
7.432966962981134351e+00
9.274308177878875625e+00
1.124387823240784812e+01
1.333952655962609413e+01
1.555684223619767614e+01
1.788411047841869816e+01
2.030086499909404907e+01
2.278100859518811916e+01
2.529702285084643165e+01
2.782379352064096167e+01
3.034188626986250981e+01
3.283866610180726298e+01
3.530788735648687293e+01
3.774940315992993334e+01
4.016825235301999442e+01
4.257257677212452762e+01
4.497098063910745935e+01
4.737027687030757761e+01
4.977394385471842497e+01
5.218087811433070300e+01
5.458569308928151287e+01
5.698066224680691505e+01
5.935738804604228136e+01
6.170758008592790844e+01
6.402307851683458750e+01
6.629571525288015721e+01
6.851802141780423483e+01
7.068475426661825622e+01
7.279301384591414603e+01
7.484051728595414943e+01
7.682447414393264751e+01
7.874115836705338722e+01
8.058580620354589996e+01
8.235304988629465583e+01
8.403829627986007722e+01
8.563919379353325212e+01
8.715641529546878985e+01
8.859244453823468746e+01
8.994940618431864721e+01
9.122861731853187450e+01
9.243131698592664236e+01
9.355979797340349080e+01
9.461876526253699637e+01
9.561518534523959545e+01
9.655663627261915849e+01
9.745023655457902123e+01
9.830183079710080563e+01
9.911522192029504197e+01
9.989251100637699210e+01
1.006352279686372242e+02
1.013450299104666925e+02
1.020233811809681725e+02
1.026708262269731335e+02
1.032870827005568373e+02
