0.000000000000000000e+00
-2.108374303457959398e-01
-2.064200017052753022e-01
1.705180431995126367e-02
4.655961026279942239e-01
1.146196785199727231e+00
2.065910025230998759e+00
3.230156108769512091e+00
4.637002925918145557e+00
6.273185339930559046e+00
8.116543356582285540e+00
1.013953614227619227e+01
1.231129928555357367e+01
1.460092852876694103e+01
1.698104408769308904e+01
1.942946749065961498e+01
2.192910622988723901e+01
2.446706703588520071e+01
2.703389018720329773e+01
2.962209251332413729e+01
3.222409231493227821e+01
3.483088410622338671e+01
3.743260706545579808e+01
4.001990696651284196e+01
4.258569697800914611e+01
4.512638188791420646e+01
4.764146974588073391e+01
5.013224053149023263e+01
5.260042996685861993e+01
5.504724155541336472e+01
5.747294116925404239e+01
5.987680563743136020e+01
6.225760213255598785e+01
6.461414404429041269e+01
6.694525224042834566e+01
6.924952982344441921e+01
7.152483675368750937e+01
7.376807869937375983e+01
7.597550722199693496e+01
7.814293616591945124e+01
8.026589470070283028e+01
8.233961141139704409e+01
8.435908451399350838e+01
8.631963390111802426e+01
8.821804027910077650e+01
9.005258506387764328e+01
9.182234219625343030e+01
9.352752151112005663e+01
9.516986598159382993e+01
9.675132702283244157e+01
9.827184011467146263e+01
9.972912777403112727e+01
1.011203289253895008e+02
1.024421866943523440e+02
1.036904477960804485e+02
1.048610079894407647e+02
1.059517983590635026e+02
1.069619024294647573e+02
1.078895481329229682e+02
1.087326371096579152e+02
