0.000000000000000000e+00
-5.978185785356249227e-03
-9.699590108461312102e-03
-1.141579800623777723e-02
-1.178410025381372225e-02
-1.178408987291761946e-02
-1.178405914676212973e-02
-1.178481095676187779e-02
-1.549335876850941110e-02
-2.745040566387894204e-02
-5.220239474942914293e-02
-9.379584801942394967e-02
-1.554302409381260186e-01
-2.391643856934169698e-01
-3.454679298756744843e-01
-4.736422936545152673e-01
-6.228497180178315107e-01
-7.923519630833258942e-01
-9.814200670441400876e-01
-1.189084744513422720e+00
-1.413975575022954789e+00
-1.654308032057919542e+00
-1.908005350017793811e+00
-2.172885182690992067e+00
-2.446839988028394863e+00
-2.727975978215408492e+00
-3.014692260860550643e+00
-3.305697732079980522e+00
-3.599966273443135911e+00
-3.896622188667450359e+00
-4.194738249292832677e+00
-4.493154213611954440e+00
-4.790493882172269124e+00
-5.085297367322197282e+00
-5.376202810616160122e+00
-5.662117645763502516e+00
-5.942316576608335232e+00
-6.216425265253084476e+00
-6.484269623551432105e+00
-6.745635412245674090e+00
-7.000019262344522986e+00
-7.246491737493312435e+00
-7.483739711243750925e+00
-7.710279151398985675e+00
-7.924751580800680095e+00
-8.126168366331105730e+00
-8.313991282491851820e+00
-8.488195026698315715e+00
-8.649335423523176303e+00
-8.798558419425956956e+00
-8.937520500647943678e+00
-9.068220624178936262e+00
-9.192769841254213148e+00
-9.313150580614532714e+00
-9.431022733634739197e+00
-9.547619463117623440e+00
-9.663740680337443933e+00
-9.779817582808885135e+00
-9.896023949566027156e+00
-1.001239692643361323e+01
