0.000000000000000000e+00
-1.380556255721657744e-01
-1.191612596449442563e-01
5.834338927629534322e-02
3.967338133645095244e-01
8.986965950897998212e-01
1.568317067169698209e+00
2.411284905644716314e+00
3.432227243563932717e+00
4.630490097746625011e+00
5.997687248670873217e+00
7.519543853014666546e+00
9.178859343642775670e+00
1.095813539156741356e+01
1.284241895712227510e+01
1.482058931091996001e+01
1.688499404856402819e+01
1.903034363221317804e+01
2.125248456574580658e+01
2.354705510441791461e+01
2.590809278041599484e+01
2.832752001290458921e+01
3.079527816799441098e+01
3.329973204023306010e+01
3.582795790233143407e+01
3.836544644939047544e+01
4.089697616719720941e+01
4.340923695681545524e+01
4.589332764314407598e+01
4.834537814370274589e+01
5.076551913316568232e+01
5.315681421985788546e+01
5.552393581829918645e+01
5.787180711703478408e+01
6.020442379699012037e+01
6.252431098318231051e+01
6.483264999101308490e+01
6.712946943004565981e+01
6.941412619342165158e+01
7.168585138746310292e+01
7.394392790650626068e+01
7.618714116587186425e+01
7.841320871321615016e+01
8.061886652393000929e+01
8.279993692055920462e+01
8.495102437647578597e+01
8.706550465406009209e+01
8.913589146580063982e+01
9.115428801844500128e+01
9.311308057341028643e+01
9.500666452528335526e+01
9.683297281982794402e+01
9.859319558944886808e+01
1.002903035953812889e+02
1.019277304711824712e+02
1.035088846151024597e+02
1.050366002168385791e+02
1.065125055218895511e+02
1.079371215907766981e+02
1.093103806946540573e+02
