0.000000000000000000e+00
-8.606672082067147456e-02
-1.179249957693533357e-01
-9.334361762098150606e-02
-7.705997884355858529e-03
1.463771753332006320e-01
3.785581519734869671e-01
7.009804452472767622e-01
1.127355738402142205e+00
1.669437907519307540e+00
2.334668553129661817e+00
3.127361886182879580e+00
4.050191742359714908e+00
5.103608056467184184e+00
6.284785133348131936e+00
7.587722409119831646e+00
9.003322061458204573e+00
1.052021293615504582e+01
1.212677159852802511e+01
1.381323548718348526e+01
1.557209086752757798e+01
1.739740273045337560e+01
1.928379090351466374e+01
2.122568895957373059e+01
2.321707683607975170e+01
2.525152934964250306e+01
2.732224668657336508e+01
2.942266316836469642e+01
3.154724101870803565e+01
3.369136599072354699e+01
3.585083512285169149e+01
3.802187789292583631e+01
4.020195007725163805e+01
4.238943991446203086e+01
4.458203951278689914e+01
4.677648495647539306e+01
4.897005876578314343e+01
5.116162675016370542e+01
5.335076984024402691e+01
5.553671579252334567e+01
5.771747383748834181e+01
5.988939017398294595e+01
6.204768115422255903e+01
6.418687435659721530e+01
6.630144228332170542e+01
6.838643390981532377e+01
7.043825720618660569e+01
7.245583533023147993e+01
7.444119994186557676e+01
7.639884516970838035e+01
7.833401677550163811e+01
8.025139455830961310e+01
8.215359036510044177e+01
8.404010968818364802e+01
8.590742644277734996e+01
8.775028250903756089e+01
8.956304886215174577e+01
9.134094240530512820e+01
9.308100529073801965e+01
9.478163300838828320e+01
