0.000000000000000000e+00
-2.541649523579532777e-01
-5.186860626678684305e-01
-7.818043819255878768e-01
-1.027938807001492982e+00
-1.240615883508515260e+00
-1.405352694286034376e+00
-1.510598520926487609e+00
-1.547142341668613641e+00
-1.507005562078361116e+00
-1.381842096770747208e+00
-1.160701621003876083e+00
-8.306181148044512463e-01
-3.785052328459604376e-01
2.067271131536194129e-01
9.309284138436668687e-01
1.790720097555245527e+00
2.774085776900358624e+00
3.864485889770154170e+00
5.043494482992022299e+00
6.292444896245822150e+00
7.595146889448182392e+00
8.939829818867284672e+00
1.031850813056231786e+01
1.172687357813424569e+01
1.316457353521731655e+01
1.463323721100646324e+01
1.613530487940725777e+01
1.767362851234378596e+01
1.925019559163482796e+01
2.086599142972074006e+01
2.252065648240835571e+01
2.421264161384002733e+01
2.594035763686349938e+01
2.770179545333813209e+01
2.949391814219146823e+01
3.131227290043957368e+01
3.315093711966034107e+01
3.500459843510417102e+01
3.687074961162998221e+01
3.874915412986620566e+01
4.063973478006302997e+01
4.254078676532864733e+01
4.444873402549813335e+01
4.636041860342033516e+01
4.827344148649483913e+01
5.018517922278694243e+01
5.209305588213256044e+01
5.399487782009340719e+01
5.588880583941521962e+01
5.777321100298016887e+01
5.964628068880779921e+01
6.150618031640087935e+01
6.335188025099618869e+01
6.518246896448548000e+01
6.699612967811263786e+01
6.879103723214339539e+01
7.056564098276139418e+01
7.231864993949328380e+01
7.404903188414481008e+01
