0.000000000000000000e+00
-4.258078547106459999e-02
-9.764123600359254918e-02
-1.632481395198976948e-01
-2.369553437192004064e-01
-3.159824999679436974e-01
-3.970057492688401357e-01
-4.768488105479578576e-01
-5.520514063265300475e-01
-6.188204626071335257e-01
-6.734261306944340220e-01
-7.119381680533147794e-01
-7.298262462173277232e-01
-7.218511188186726990e-01
-6.818775811332770109e-01
-6.032726426931056540e-01
-4.805347543853321080e-01
-3.105720253497261663e-01
-9.234271035485638879e-02
1.741292690222503714e-01
4.889684252379531415e-01
8.544445855137499102e-01
1.274784840434838307e+00
1.754638757163121898e+00
2.297987057723143600e+00
2.907893689060236042e+00
3.586417087641236456e+00
4.334423975875711932e+00
5.151424811374367252e+00
6.036829377487904935e+00
6.990917440222157886e+00
8.013022494562374476e+00
9.100667423010161627e+00
1.025122234864540793e+01
1.146282350250748294e+01
1.273398305195401825e+01
1.406304499199604230e+01
1.544826636831801814e+01
1.688790674141261050e+01
1.837897146662681536e+01
1.991580064147332507e+01
2.149132769330446280e+01
2.309881607996805286e+01
2.473084136726297544e+01
2.637934764722105285e+01
2.803736002959617579e+01
2.969896240698267320e+01
3.135886079972156892e+01
3.301285898795647000e+01
3.465775574786774627e+01
3.629127957275877492e+01
3.791198903964192368e+01
3.951831443330764415e+01
4.110874140331603144e+01
4.268293739825689670e+01
4.424103137581662537e+01
4.578292478225870354e+01
4.730868960170357695e+01
4.881787691053013845e+01
5.030914711138999706e+01
