0.000000000000000000e+00
-9.056664077988338737e-03
-2.730209425014098329e-02
-5.314589240333815467e-02
-8.478311902509616527e-02
-1.201306103339767339e-01
-1.556127032304540081e-01
-1.878737129384143167e-01
-2.150693181071515192e-01
-2.364804995657864561e-01
-2.528500518023384935e-01
-2.655929886994133904e-01
-2.766100418655099702e-01
-2.886370031049256824e-01
-3.031597517077841419e-01
-3.184657017600435736e-01
-3.303594173499332376e-01
-3.326789804577429677e-01
-3.177414252603548706e-01
-2.763430942389767941e-01
-1.974663260497963591e-01
-7.014233340153414042e-02
1.147732527907018851e-01
3.643806485836845743e-01
6.854135476360215806e-01
1.084140079392241107e+00
1.563190468112770404e+00
2.119938913492452670e+00
2.747697314322386841e+00
3.438315657641968670e+00
4.183522802109022720e+00
4.975121738573754726e+00
5.805186996387851295e+00
6.665971544240067104e+00
7.551648652426703023e+00
8.458585177864852866e+00
9.385020710685942902e+00
1.033183118773604470e+01
1.130253392837668436e+01
1.230269313522965824e+01
1.333740814657062046e+01
1.440941270180315037e+01
1.551798476576257002e+01
1.665808103215806213e+01
1.782114164143603219e+01
1.899552791829046683e+01
2.016792556656726276e+01
2.132488261545342212e+01
2.245420392538039778e+01
2.354589942127654112e+01
2.459190664289538830e+01
2.558649928772378956e+01
2.652560545902537115e+01
2.740669816707967854e+01
2.822912972992274305e+01
2.899358109467366873e+01
2.970128758709682870e+01
3.035304394336675671e+01
3.094924984862320727e+01
3.148991766131572234e+01
