0.000000000000000000e+00
-2.113951561968199430e-02
-5.318860845861884956e-02
-9.572446703240800048e-02
-1.487178064141494449e-01
-2.115078666152724329e-01
-2.827346181453666563e-01
-3.603089190777387651e-01
-4.418356894212100427e-01
-5.243594880237155698e-01
-6.051310693206874980e-01
-6.816173739061630599e-01
-7.519278042789520056e-01
-8.147444576583168230e-01
-8.694707442894563654e-01
-9.160926012015719877e-01
-9.552268983932326041e-01
-9.869814509803841451e-01
-1.010588392585453299e+00
-1.025534674506066501e+00
-1.030584189393368044e+00
-1.023631535711509555e+00
-1.003052719225776102e+00
-9.671943844600001672e-01
-9.137813046721371402e-01
-8.399004983765941956e-01
-7.420452071054330911e-01
-6.135147865137479117e-01
-4.448046664761723390e-01
-2.244612206705181578e-01
6.019121948823907831e-02
4.216766624907436478e-01
8.709048435040782632e-01
1.413704484605486922e+00
2.047624849358868460e+00
2.762842093963918444e+00
3.544787787222087427e+00
4.377261202578022647e+00
5.246428126600891417e+00
6.142155204562088855e+00
7.057224823073905640e+00
7.986104815678817026e+00
8.926416230064404544e+00
9.877516161106393966e+00
1.084091597702945009e+01
1.181789550284760004e+01
1.280940937729344675e+01
1.381662578562139565e+01
1.483943956587611979e+01
1.587585256833743763e+01
1.692268545424674286e+01
1.797655822331860875e+01
1.903321379896952692e+01
2.008878717732633490e+01
2.114060802805794381e+01
2.218557694621456378e+01
2.322159524490409765e+01
2.424693610439718938e+01
2.526060690000285547e+01
2.626221719273020483e+01
