0.000000000000000000e+00
-1.006860364367381799e-03
-3.214171555532215323e-03
-6.679955228371996234e-03
-1.101717920275583837e-02
-1.640546595245448436e-02
-2.290533095850266765e-02
-3.060051235055245497e-02
-3.957558696579399626e-02
-4.988396110573273950e-02
-6.213002301617051581e-02
-7.724361536313281706e-02
-9.667712016429408362e-02
-1.213870573046827023e-01
-1.522802977025654037e-01
-1.896841019736497103e-01
-2.335492096759890224e-01
-2.834308241824012309e-01
-3.383607931429227222e-01
-3.978020958560872788e-01
-4.621981675897005037e-01
-5.342974418343584553e-01
-6.194037981815508909e-01
-7.264330562028058491e-01
-8.662026730234146932e-01
-1.047443478084806312e+00
-1.273060123346106076e+00
-1.538265752944272480e+00
-1.833243576564369759e+00
-2.145916686588617228e+00
-2.464141659562487874e+00
-2.777722174537931910e+00
-3.079684277847123841e+00
-3.367325724685841681e+00
-3.641197563473480336e+00
-3.904064870437971457e+00
-4.159328334213601153e+00
-4.409871489320465798e+00
-4.658132343753213611e+00
-4.905568672148535647e+00
-5.153220780260917344e+00
-5.402387897870398525e+00
-5.654559106269251956e+00
-5.911446031134894419e+00
-6.173704567841285851e+00
-6.441437574825417123e+00
-6.714327061832385368e+00
-6.991729690196033076e+00
-7.272525719844778358e+00
-7.555109978321902453e+00
-7.838443762210891563e+00
-8.122151798095469388e+00
-8.407457621397949055e+00
-8.696347991519816745e+00
-8.990620830342367142e+00
-9.291797901418886951e+00
-9.600542927961871698e+00
-9.917570420552918264e+00
-1.024320923623213275e+01
-1.057811169262408946e+01
