0.000000000000000000e+00
1.880556800854364316e-02
4.313502065955757830e-02
7.301845317534852442e-02
1.087041739446280020e-01
1.504005477210822450e-01
1.986099212309506701e-01
2.541636569839347271e-01
3.181137714555502538e-01
3.914746234792467194e-01
4.752837506654854494e-01
5.704061172079670783e-01
6.770802056830189652e-01
7.941119188325433953e-01
9.189755890024686735e-01
1.047698168386889783e+00
1.175787667225879796e+00
1.298639457994241742e+00
1.411853362530299583e+00
1.512275066539219948e+00
1.598136931005389227e+00
1.669813610088767275e+00
1.729236942370879992e+00
1.778913315155455921e+00
1.821364003270284693e+00
1.858083707421247954e+00
1.889248764224231714e+00
1.913736368226820250e+00
1.928047807636416922e+00
1.927623927904953849e+00
1.905909624287147386e+00
1.855370583763648273e+00
1.768687630460503923e+00
1.640459799353841674e+00
1.468053321894009500e+00
1.251312545962833589e+00
9.911530865386660727e-01
6.893313146179760320e-01
3.472290253664257476e-01
-3.446181423380484388e-02
-4.559585243660116416e-01
-9.181632523107168264e-01
-1.419611670471089271e+00
-1.955593565981340820e+00
-2.518150933119807533e+00
-3.098110060457641257e+00
-3.686106182128529252e+00
-4.274882724404493572e+00
-4.859658777245264183e+00
-5.439151198191052750e+00
-6.015563239623895164e+00
-6.593569777220403161e+00
-7.178993498592895151e+00
-7.777477009367093963e+00
-8.393446334863966740e+00
-9.029850191115812663e+00
-9.688369041828288175e+00
-1.036969759311193684e+01
-1.107415998777221233e+01
-1.180163071785668016e+01
