0.000000000000000000e+00
-6.441128573635699663e-03
1.588766452853292502e-02
6.807004448657071050e-02
1.529792101770335866e-01
2.749927158819585604e-01
4.383733513202603405e-01
6.472417608812028877e-01
9.039616876088538699e-01
1.208728339097462801e+00
1.559513150535277282e+00
1.951690524134745752e+00
2.376408412740462772e+00
2.820711717210086178e+00
3.268775324004750349e+00
3.703727293040082635e+00
4.109698842717129708e+00
4.474323813816214468e+00
4.789503463664289029e+00
5.052932329137630241e+00
5.267017552933515034e+00
5.435606700602984453e+00
5.562491359792989698e+00
5.651417665436095916e+00
5.705366387584517973e+00
5.726015297556586781e+00
5.713594423866195982e+00
5.666244466323876239e+00
5.579987665471591640e+00
5.449029726469299284e+00
5.267075798972927991e+00
5.028105764883449069e+00
4.727666241231725408e+00
4.366890430507667453e+00
3.954686765220344569e+00
3.505920868570809201e+00
3.037407535505110889e+00
2.563870042870462829e+00
2.095370865355051571e+00
1.637106030107402299e+00
1.190553796900556849e+00
7.533743469937538295e-01
3.186750089320052881e-01
-1.237258638534793898e-01
-5.854603503158535283e-01
-1.078055470115431680e+00
-1.611311490377634437e+00
-2.190584451931156362e+00
-2.815197243887467948e+00
-3.480451430209559049e+00
-4.179607269216286447e+00
-4.906534927006321212e+00
-5.657601251296838107e+00
-6.432527321381103391e+00
-7.233018385760304980e+00
-8.061742402357618076e+00
-8.921125218534195156e+00
-9.812879754301185642e+00
-1.073818627123056046e+01
-1.169725640272863565e+01
