1.782923704076326388e+00
1.973098649263564042e+00
2.159677678422858182e+00
2.334672195771119618e+00
2.487188328084968703e+00
2.610041295104533532e+00
2.701230364499810133e+00
2.762580605724034744e+00
2.797730278223602429e+00
2.811036327980352301e+00
2.807253667077006742e+00
2.791268983146372396e+00
2.767446995582937497e+00
2.739281926738724060e+00
2.709513500563982547e+00
2.680008947453446311e+00
2.651894110227081214e+00
2.625811880916898655e+00
2.601331847193526059e+00
2.577354987050274993e+00
2.552733160619146791e+00
2.525799457573371321e+00
2.494708963205383156e+00
2.458177206874618381e+00
2.415069902233840882e+00
2.365455570487741799e+00
2.309987103734792324e+00
2.248739195132786861e+00
2.182999113227095389e+00
2.114001105652154155e+00
2.043425336160544337e+00
1.972481219317478329e+00
1.901704431029105358e+00
1.832902496943986659e+00
1.768123508583934633e+00
1.709291751331473375e+00
1.655895901639744094e+00
1.605476442141870796e+00
1.553979298679521781e+00
1.498540888399712889e+00
1.439143440845816801e+00
1.378524462952811502e+00
1.321116973593188915e+00
1.268601270824100347e+00
1.220938004167096969e+00
1.177667008653089153e+00
1.138198652385607135e+00
1.102279724423226748e+00
1.069936469949628988e+00
1.040643301546475552e+00
1.013715420044963400e+00
9.870272237550867800e-01
9.590651299336282465e-01
9.292498820340197030e-01
8.977149963539372557e-01
8.648341580491908376e-01
8.317778796707328004e-01
7.990241458167972599e-01
7.669399378871096795e-01
