1.556167423409662520e+00
1.447321665370240096e+00
1.338267859764500578e+00
1.228998858255715865e+00
1.120162822479750409e+00
1.013344999535096935e+00
9.117115955910233271e-01
8.195556034314326332e-01
7.401719091009311136e-01
6.752625791081995343e-01
6.246625806863678187e-01
5.872148233728583522e-01
5.612643968995760790e-01
5.453855356912590269e-01
5.378323151302831784e-01
5.366232120870617628e-01
5.395945185448374204e-01
5.450369700722919042e-01
5.512943915619982205e-01
5.571316553702984065e-01
5.614234301269583893e-01
5.636377489132398111e-01
5.632857625735526730e-01
5.603731572693878560e-01
5.550467551847065861e-01
5.478835686115860470e-01
5.395516023017399299e-01
5.306704379541353767e-01
5.218559112091391006e-01
5.135195125816034434e-01
5.061931159980994632e-01
5.004068664934686606e-01
4.963436746453280257e-01
4.937426924097497727e-01
4.921440515434330476e-01
4.907686453304307417e-01
4.890568152192093510e-01
4.863328638937606807e-01
4.824707253649110350e-01
4.780257152471120707e-01
4.739627341756102452e-01
4.710250344726433225e-01
4.696900932447095611e-01
4.703378153349437873e-01
4.726359642311743214e-01
4.762610282747404278e-01
4.806754279590271794e-01
4.854756614432465534e-01
4.907918737571789758e-01
4.964971850171875922e-01
5.031807671991854747e-01
5.108513851693935459e-01
5.194805964322140035e-01
5.290037363534815240e-01
5.393895039257330382e-01
5.504409684017480542e-01
5.617056031328280241e-01
5.731382599478318518e-01
5.846158982219761269e-01
