1.598451022676488975e+00
1.505743589041950825e+00
1.408698251286593983e+00
1.304504250411868016e+00
1.192346939893627278e+00
1.074347564998179294e+00
9.555801978063056534e-01
8.409819992383134046e-01
7.343336078658704302e-01
6.379750833645613239e-01
5.533974975213415970e-01
4.812437959519814679e-01
4.212432296692747991e-01
3.725734955181387309e-01
3.340642814325421317e-01
3.043330095454948592e-01
2.821117224381368138e-01
2.658464647095456490e-01
2.542926143297967179e-01
2.463354709680742327e-01
2.409870189391910278e-01
2.374032517942762932e-01
2.350519523211116735e-01
2.336477443031869106e-01
2.331934240145306647e-01
2.336222150709437173e-01
2.349031377834490120e-01
2.367572361013073612e-01
2.387723092289172622e-01
2.407351764594671539e-01
2.420699552410338351e-01
2.425459700426918219e-01
2.418263931609896111e-01
2.398473848321365787e-01
2.363661342505060381e-01
2.316664113016172477e-01
2.259244828622237466e-01
2.197293295159765680e-01
2.134501188130776550e-01
2.077196131128564160e-01
2.030736250185299629e-01
1.998688475788903685e-01
1.982337249296730886e-01
1.982878420483706883e-01
1.998239148533047793e-01
2.025001604711678116e-01
2.057817086829706876e-01
2.092077097783987816e-01
2.123495769890736407e-01
2.148985651700277277e-01
2.166246520345419535e-01
2.173682048623208074e-01
2.169571365568482846e-01
2.156286362118052247e-01
2.136762276357591361e-01
2.113658206936797068e-01
2.087595097011835099e-01
2.059168023900242728e-01
2.030452030838218180e-01
