1.621196408742022976e+00
1.676126546101416981e+00
1.731111295379943682e+00
1.786229919741118000e+00
1.841429556540700174e+00
1.895657800867963205e+00
1.947371829599218618e+00
1.995374089190665945e+00
2.038821797587078155e+00
2.077185604800501295e+00
2.110028074356064653e+00
2.137468187650113371e+00
2.160346807789214729e+00
2.179308660777351303e+00
2.194407229726289543e+00
2.205303990354453347e+00
2.212376074263768810e+00
2.216428314053446424e+00
2.217934582990746417e+00
2.217581848825006308e+00
2.215815320741153283e+00
2.212992011361374800e+00
2.209312320642784044e+00
2.205132888610824349e+00
2.200577458985666812e+00
2.195325585100524002e+00
2.189695364958300861e+00
2.184793873281454690e+00
2.182062692207473287e+00
2.182413151353119751e+00
2.185200094710490148e+00
2.188859828525172802e+00
2.191277015327934397e+00
2.191025041249969441e+00
2.187930366115524272e+00
2.182126874566888031e+00
2.173927030772935698e+00
2.163390402609621788e+00
2.151036368952741196e+00
2.137367710664480391e+00
2.123020948190133872e+00
2.108454906791752848e+00
2.094036953055383510e+00
2.080154014286295094e+00
2.066629643162184671e+00
2.053270819649003709e+00
2.039703025623709642e+00
2.026189115140111685e+00
2.012792463829756962e+00
1.999383455838034562e+00
1.986359885072705334e+00
1.973894733452304040e+00
1.961929423086626656e+00
1.950222605151139099e+00
1.938816571972737490e+00
1.927438726400853675e+00
1.916209353089895595e+00
1.905031278859175004e+00
1.893756691287445060e+00
