1.825479409057064073e+00
2.001668122583937670e+00
2.174335918642120724e+00
2.337693997120533496e+00
2.483217884636627293e+00
2.604506374064616381e+00
2.699183136584010434e+00
2.767356864063302169e+00
2.810610289609400514e+00
2.831967573332124122e+00
2.835644834319765994e+00
2.825934337103828575e+00
2.806684440253502277e+00
2.781475348074533560e+00
2.752866974523588528e+00
2.721605594827084751e+00
2.688026981725173847e+00
2.651789280091081391e+00
2.610587414969495423e+00
2.560969001663769173e+00
2.499398653319044428e+00
2.421614026901624417e+00
2.325762718511254601e+00
2.213078544419303295e+00
2.089397123023055691e+00
1.967346982554726287e+00
1.856856358222866765e+00
1.764639568955182591e+00
1.689898601417003210e+00
1.629902050685988479e+00
1.579936170422806319e+00
1.534070391866943606e+00
1.487648283656660242e+00
1.436714996415955792e+00
1.380200141622405230e+00
1.319327262528197764e+00
1.256058040689323141e+00
1.192760496235022449e+00
1.130837185710364734e+00
1.071066802850056954e+00
1.014125867203279352e+00
9.611340829310521805e-01
9.116355625015989395e-01
8.657200685283036323e-01
8.234929462735647299e-01
7.842917015832145955e-01
7.477984991806757575e-01
7.133758321071236308e-01
6.813218291032534513e-01
6.523430565853071128e-01
6.270353288564260996e-01
6.068444070346409314e-01
5.921147920609675097e-01
5.826398494622975210e-01
5.779395590816077677e-01
5.767696798489735377e-01
5.777728136872802844e-01
5.801390793423792935e-01
5.827725629521703921e-01
