1.832113169133714026e+00
1.913444714970435667e+00
1.996993499597515154e+00
2.077242784687641119e+00
2.145677180409658380e+00
2.193353476775867339e+00
2.214809439282534154e+00
2.207003271109559073e+00
2.167209282739639420e+00
2.096787017306703138e+00
2.000267472435766525e+00
1.884397096165247643e+00
1.759636797241953765e+00
1.636108115727252121e+00
1.520566369657255335e+00
1.415025605949279175e+00
1.318299190015777445e+00
1.228462808385609062e+00
1.143631929576605089e+00
1.063734299040983933e+00
9.910507529204963806e-01
9.254689884041550352e-01
8.658202569573275609e-01
8.110909504482630705e-01
7.599071834375484835e-01
7.115196626017968873e-01
6.650930741698973803e-01
6.199003880736431160e-01
5.750244389902204878e-01
5.303897994100641444e-01
4.850363603822073211e-01
4.379163422085499136e-01
3.888989488217729495e-01
3.382332233306034608e-01
2.879139397979491588e-01
2.406192965533655581e-01
1.978235166979717408e-01
1.601630408088974000e-01
1.277491507045594721e-01
1.003502269452589968e-01
7.749588482074663831e-02
5.845703367154003044e-02
4.247964052761224463e-02
2.924078683684042113e-02
1.831531374267456047e-02
8.805089710941115325e-03
-1.990624576658575899e-04
-9.627526164192658567e-03
-2.063504325460587679e-02
-3.391671745580635000e-02
6.233662471725926579e+00
6.215810713190295544e+00
6.196472031212681308e+00
6.177105873379223233e+00
6.158669343969809695e+00
6.141166052972313771e+00
6.124323143203933562e+00
6.107911461535334929e+00
6.091643565720896270e+00
