1.477599781987986471e+00
1.480804491418782121e+00
1.483885392663696567e+00
1.486548224679816732e+00
1.488859510509163098e+00
1.490494803984324435e+00
1.490984154156831165e+00
1.490122831027976158e+00
1.487261258510045536e+00
1.481856647725004361e+00
1.473532579223594041e+00
1.462098582718385886e+00
1.448370231405826436e+00
1.434596317435988810e+00
1.422837057739797295e+00
1.414225493389009713e+00
1.408910118263892786e+00
1.406490042898894677e+00
1.406576683266336447e+00
1.409287654069094176e+00
1.414191743604808593e+00
1.420368548183897017e+00
1.426931137874797528e+00
1.432819403124198310e+00
1.437738889871139847e+00
1.441529198597513162e+00
1.444977065896978052e+00
1.448713845769436848e+00
1.452964232489492691e+00
1.457594167042798539e+00
1.461925383013038537e+00
1.464804926496692916e+00
1.465328768305742546e+00
1.463478932770141405e+00
1.459976303915930584e+00
1.456339241835096665e+00
1.454212980520797949e+00
1.453634776747429802e+00
1.454183297805348829e+00
1.455560148684544197e+00
1.457123146596844832e+00
1.458569529515854502e+00
1.460125226432777534e+00
1.462251879503587704e+00
1.465169151955172611e+00
1.468669486446553263e+00
1.472926546519561786e+00
1.477707720424915605e+00
1.482739137592676393e+00
1.487515576325401323e+00
1.491561244814672893e+00
1.494683375344063370e+00
1.497030155363264337e+00
1.498417147216946965e+00
1.499149906679232203e+00
1.499746569535584051e+00
1.500296440424880196e+00
1.500603834270814341e+00
1.500744188360708664e+00
