1.768635299849235398e+00
1.723137159483193237e+00
1.676393875296006142e+00
1.627236668567114464e+00
1.574158261857737662e+00
1.515719943987176022e+00
1.450544543189303148e+00
1.377940691847072463e+00
1.298465220567135425e+00
1.212258355025642720e+00
1.120884655700619792e+00
1.027926343921579111e+00
9.375551668300358132e-01
8.533110273544316504e-01
7.766561593197340851e-01
7.068618237293925466e-01
6.420783138597108142e-01
5.809588644220792242e-01
5.221589180759004245e-01
4.645460721243290791e-01
4.083847571780198638e-01
3.552434631479735039e-01
3.067181943257119014e-01
2.638027612323555759e-01
2.268849550357237288e-01
1.950967645131340966e-01
1.666135243519393794e-01
1.397944801896696676e-01
1.136912703517724554e-01
8.797101869491408266e-02
6.297628728285718791e-02
3.924519654443943406e-02
1.657580157634595819e-02
-6.060904520506024337e-03
6.253328254156744315e+00
6.227472191215113639e+00
6.199105231002784322e+00
6.168308321747659306e+00
6.135751719847946539e+00
6.102508028571406840e+00
6.070000091782391749e+00
6.040192109912617013e+00
6.014862517119755836e+00
5.994719238736641920e+00
5.979166570515088708e+00
5.966806633306207530e+00
5.956338291518875394e+00
5.946972032236964800e+00
5.938356072447179557e+00
5.930474318923045551e+00
5.923651888003278465e+00
5.918283673941989953e+00
5.914413772135533875e+00
5.911725347132972708e+00
5.909934108578475787e+00
5.908944799054048680e+00
5.908568888409582165e+00
5.908372262377492135e+00
5.908076021739873340e+00
