1.569983382041003184e+00
1.494785178981487439e+00
1.418789182163928908e+00
1.341075008168055138e+00
1.261210760211054938e+00
1.179456962395289743e+00
1.097022354184310045e+00
1.016082383174901071e+00
9.400109695874532267e-01
8.734198719927356303e-01
8.207915615799677989e-01
7.846223919733850138e-01
7.651468678720245720e-01
7.599788515862625493e-01
7.651354649505635042e-01
7.765480427968896038e-01
7.908216967519575702e-01
8.052117854353576520e-01
8.178778364773376941e-01
8.277720986482302035e-01
8.344038611068219646e-01
8.374962984292458890e-01
8.373089347801402349e-01
8.343533162007955584e-01
8.293144401521126419e-01
8.229932606528702621e-01
8.158322372855788540e-01
8.082400099768155544e-01
8.008789791634619570e-01
7.943052421278373743e-01
7.892204213185166628e-01
7.859533364146079615e-01
7.850104512403016654e-01
7.861387851752936751e-01
7.890582955700815582e-01
7.931250373448458513e-01
7.977243493250447681e-01
8.024931138264179697e-01
8.071035254930841729e-01
8.111217200345236522e-01
8.141668428005593983e-01
8.159546105501975788e-01
8.163662002539401330e-01
8.153070289833527218e-01
8.129870029802260811e-01
8.097177247189705218e-01
8.056974900639330972e-01
8.014982578557469095e-01
7.978269396695795157e-01
7.956289205365234540e-01
7.954087135113427909e-01
7.974223986838957501e-01
8.013798704323883415e-01
8.072812694461715122e-01
8.146270113206091068e-01
8.230982601686749334e-01
8.320742261944206186e-01
8.414732092397941843e-01
8.508793832243097821e-01
