1.459194277798242956e+00
1.419991205348726027e+00
1.381320069570218134e+00
1.344021696343537631e+00
1.309050029843068286e+00
1.277603877047969405e+00
1.250943844206016786e+00
1.229407753921012425e+00
1.212883514701722953e+00
1.200524094726588276e+00
1.190931439200918929e+00
1.182114493655290532e+00
1.172456167351092704e+00
1.161458563930757526e+00
1.149669254457401868e+00
1.138495741834181896e+00
1.129729300059348684e+00
1.124596639671830989e+00
1.123052427610266468e+00
1.124641431939099823e+00
1.128039464055275110e+00
1.131880505140574478e+00
1.135060301057321253e+00
1.136933116718725767e+00
1.137511863762896924e+00
1.137059280333367894e+00
1.136069418496485461e+00
1.134671343028012869e+00
1.132768621777219265e+00
1.130512326913364785e+00
1.127970629310073969e+00
1.124841240082612215e+00
1.120993940059702654e+00
1.116554915951865956e+00
1.111981672953304745e+00
1.108112081380419722e+00
1.106149395667798352e+00
1.106709031863187143e+00
1.109933550985423345e+00
1.115649509149811536e+00
1.123105911857804395e+00
1.131038745180971361e+00
1.138216280421030513e+00
1.143857784961383350e+00
1.147526287498004782e+00
1.149789993256713272e+00
1.151133294453233757e+00
1.152508293287891838e+00
1.154397901569274465e+00
1.157307137314268708e+00
1.161138704191698956e+00
1.165706510531712592e+00
1.171162596735145556e+00
1.177086438174101746e+00
1.182884574629735397e+00
1.188344498432769791e+00
1.193681479520573241e+00
1.198823582557668521e+00
1.203933209576525165e+00
