1.804574870537113407e+00
1.967061642805663979e+00
2.126616517955443708e+00
2.278930991861103816e+00
2.417096562085563338e+00
2.534281250786456496e+00
2.626792836383379015e+00
2.693809021527772796e+00
2.736482113297606933e+00
2.756914831765134188e+00
2.756543663009324963e+00
2.736666311082728509e+00
2.700062487475616724e+00
2.650315407199213880e+00
2.590461049112403824e+00
2.521774281707640952e+00
2.443791359342288860e+00
2.354801568573787307e+00
2.253289696261984165e+00
2.139659799150865904e+00
2.017550075215881034e+00
1.893612660449118357e+00
1.777326879243217750e+00
1.677587945711301876e+00
1.595346013316369049e+00
1.525944663474600782e+00
1.463828343700382284e+00
1.403284719071526077e+00
1.341186586562991279e+00
1.275810432472339606e+00
1.206391129736947398e+00
1.134270903217107218e+00
1.062769091297053325e+00
9.946295447630952857e-01
9.321973091614911278e-01
8.767057673244093019e-01
8.278444641028254170e-01
7.838286174223300096e-01
7.415252949815899219e-01
6.990431141364847889e-01
6.562595624011202666e-01
6.136308260302000273e-01
5.724625515308717771e-01
5.346866587072703902e-01
5.005565844319198598e-01
4.697647386491343724e-01
4.419438023395116377e-01
4.166824757846989691e-01
3.933827370171919524e-01
3.713161962164905350e-01
3.506393915029193953e-01
3.317284744474514602e-01
3.149528902073271408e-01
3.008103743743263392e-01
2.895425302569185066e-01
2.809079181901875666e-01
2.741274627075758197e-01
2.682725871809055196e-01
2.627991323131763646e-01
