1.830692660353222312e+00
2.022774897866724153e+00
2.211144998963699759e+00
2.387716000402792194e+00
2.542232865070174430e+00
2.667377093181066083e+00
2.760112345254785993e+00
2.820661642047213924e+00
2.852021931447834113e+00
2.858962820709125552e+00
2.846682636061812044e+00
2.820257996413499946e+00
2.784308691776820055e+00
2.742727752626702653e+00
2.698770990640257050e+00
2.655638065795355995e+00
2.615672594944944418e+00
2.580129918564624258e+00
2.549509987545212741e+00
2.523733766846352644e+00
2.501959883309702537e+00
2.482914067561329041e+00
2.465313708080695942e+00
2.447697782019520485e+00
2.428806677578365214e+00
2.407821734153313464e+00
2.384188419887583343e+00
2.357687939814921751e+00
2.328620348947274099e+00
2.297434048726340716e+00
2.264312561590935857e+00
2.228991569024985964e+00
2.190968452316076842e+00
2.149613428568921680e+00
2.104661653802249344e+00
2.056352415345835016e+00
2.005367780691313939e+00
1.952606403220263243e+00
1.897933928760207722e+00
1.839921496185199956e+00
1.778155902437608793e+00
1.715698235877282096e+00
1.658046901317971722e+00
1.608801621612181210e+00
1.568084737430426090e+00
1.534102553797432655e+00
1.504247942477959565e+00
1.476312747877758236e+00
1.448575428055193459e+00
1.420565860338219411e+00
1.392345752705661299e+00
1.363978911821858153e+00
1.335275241821422432e+00
1.306511243721557802e+00
1.277509808908656064e+00
1.248845464903930225e+00
1.220501110806238909e+00
1.192397680177390784e+00
1.164805528434705861e+00
