1.775316819197285012e+00
1.911238412205863657e+00
2.045799992812408874e+00
2.176042725542210121e+00
2.297286878598129078e+00
2.403485566801152551e+00
2.489721377095937438e+00
2.554319966777691686e+00
2.598439576221553970e+00
2.625420499752399550e+00
2.639739668625908919e+00
2.645379591383434370e+00
2.645184561061107331e+00
2.641314753226305267e+00
2.635079078597255098e+00
2.626674279371742582e+00
2.616044415516469268e+00
2.603477141326961952e+00
2.589433556560400085e+00
2.574482452274664102e+00
2.559202185424261700e+00
2.543978249981879269e+00
2.529145805269245262e+00
2.514837636224275474e+00
2.500887529689383104e+00
2.487295473139479185e+00
2.473924166322958307e+00
2.460000352981182914e+00
2.445046846698231136e+00
2.429265475050530920e+00
2.412527850513762839e+00
2.394616533665760105e+00
2.375487277262525510e+00
2.354585961865850674e+00
2.331251466206024858e+00
2.305024824270565542e+00
2.275419386276364087e+00
2.242498300947196377e+00
2.206795871043256696e+00
2.169110658655919455e+00
2.130811040585832039e+00
2.092734567563101056e+00
2.054709106121205053e+00
2.016760032995473129e+00
1.979083755105453424e+00
1.941467273178404396e+00
1.903850126700255441e+00
1.866231765595634196e+00
1.828483149294735766e+00
1.790400371412085967e+00
1.752262075056189472e+00
1.714885154596863304e+00
1.678830874354058755e+00
1.644394305122808930e+00
1.611152989665224133e+00
1.577634632160015649e+00
1.542782507224668809e+00
1.507003830597334115e+00
1.471003069735725699e+00
