1.557779903107027630e+00
1.600148557053662213e+00
1.644009036755062381e+00
1.690214141922113944e+00
1.738290908728627127e+00
1.786743550951768622e+00
1.834098174829572159e+00
1.878617446964024884e+00
1.918238730025314975e+00
1.950704985904976763e+00
1.974854578431688656e+00
1.991569861095642047e+00
2.003691263021946778e+00
2.013527128236289432e+00
2.022231579479669694e+00
2.030071995276137020e+00
2.037008450795457559e+00
2.042855874031884067e+00
2.047769895177845800e+00
2.051913309809364705e+00
2.055721950008202903e+00
2.059552369011907302e+00
2.063695373996746518e+00
2.068310969421067735e+00
2.073366014779794764e+00
2.078727143562378199e+00
2.084267562631862081e+00
2.089578759539305608e+00
2.094225873873922783e+00
2.097721202130661933e+00
2.099720987339124267e+00
2.100009443992505442e+00
2.098492318129742351e+00
2.095248963173425238e+00
2.091135076806936333e+00
2.087152490064397181e+00
2.084020275694435043e+00
2.081669346722392344e+00
2.079536852113684997e+00
2.076927651872281455e+00
2.072877807447205178e+00
2.066623128633502393e+00
2.057778226852899017e+00
2.046315983886977996e+00
2.032551531263149691e+00
2.017383833345289368e+00
2.001788646382658410e+00
1.986923742208190458e+00
1.973256576469636148e+00
1.961218554093486555e+00
1.950598161565642918e+00
1.941346855609027200e+00
1.933111626816240713e+00
1.925749129301925544e+00
1.918727612484500966e+00
1.911592474203999581e+00
1.904533878041097417e+00
1.897481564962905765e+00
1.890558111861236901e+00
