1.564034239982407426e+00
1.566792355596172914e+00
1.569152512340162398e+00
1.570552311749411345e+00
1.570796324932426824e+00
1.570796290957424901e+00
1.570796527310917234e+00
1.573366466912114570e+00
1.580270873608243143e+00
1.591816340921506701e+00
1.606871976331542884e+00
1.623334837883627868e+00
1.639442633152927931e+00
1.654520382755803265e+00
1.668935409723427465e+00
1.683499035669433042e+00
1.698816113142276540e+00
1.714979232819793253e+00
1.731496496769600713e+00
1.747438755003341004e+00
1.761906862212096136e+00
1.774418724862232288e+00
1.784986118252620102e+00
1.793903407752728718e+00
1.801468542720858101e+00
1.807931325418045798e+00
1.813459721331721397e+00
1.818120218186204617e+00
1.821871103821804061e+00
1.824574268132684640e+00
1.826083716916266031e+00
1.826306340866507671e+00
1.825213112062168408e+00
1.822895083676284500e+00
1.819755090472974457e+00
1.816546922832019462e+00
1.814240064987757695e+00
1.813685164576350539e+00
1.815134460973482966e+00
1.818006428366636396e+00
1.820956492759094214e+00
1.822280108133038645e+00
1.820651625523816319e+00
1.815584806692091879e+00
1.807407170403168672e+00
1.796808894920092881e+00
1.784698323238238293e+00
1.772170142735266296e+00
1.760425527100305976e+00
1.750614698012777248e+00
1.743583810882713969e+00
1.739706910005866192e+00
1.738853023148131616e+00
1.740480825664471043e+00
1.743861215920012420e+00
1.748343059250655918e+00
1.753420916841506028e+00
1.758753806254433227e+00
1.764154150525998554e+00
