1.719371598459511485e+00
1.756176903767882269e+00
1.794176073839932162e+00
1.830726655394097069e+00
1.859836336066434281e+00
1.873187803708335153e+00
1.863757964655778032e+00
1.827438877307661746e+00
1.764710391588173444e+00
1.680075146052764978e+00
1.578600342183334115e+00
1.465840019807648220e+00
1.347056227040942300e+00
1.228186501181670831e+00
1.113573134644319840e+00
1.007915494821131963e+00
9.142813478544509209e-01
8.334200666699678184e-01
7.638769665593165836e-01
7.034937409043585665e-01
6.502048470462291618e-01
6.032698512446087458e-01
5.613894220521018497e-01
5.222789941447480988e-01
4.845606938791920393e-01
4.468815236864663865e-01
4.079412516351142437e-01
3.676196784662428274e-01
3.264243495855745913e-01
2.848877862572829489e-01
2.436977970095516588e-01
2.034045781991469515e-01
1.644978468092121171e-01
1.277879332797325351e-01
9.372867524976051523e-02
6.206954969565290497e-02
3.260042664398771911e-02
5.269413309713209641e-03
6.263055619177591460e+00
6.239524186868895761e+00
6.217919996833434659e+00
6.198096838490764426e+00
6.179515962955228758e+00
6.161519867802819128e+00
6.143825318322943652e+00
6.126687516189262439e+00
6.110822920369724187e+00
6.097160863716944768e+00
6.086350751149559812e+00
6.078313183950096565e+00
6.072244136687789506e+00
6.066936667974609065e+00
6.061289953410283537e+00
6.054930128957408897e+00
6.047888337530974212e+00
6.040428690322533711e+00
6.032815256801202786e+00
6.025167787909629702e+00
6.017499806051660016e+00
