1.559365100070900789e+00
1.686581967748278732e+00
1.814653701101136107e+00
1.942809603275603259e+00
2.067543954293125985e+00
2.181896196617313155e+00
2.277352973654724888e+00
2.349207407690426130e+00
2.397393252624168802e+00
2.425476729072183701e+00
2.438610183142027932e+00
2.441634801322681625e+00
2.438607032098567551e+00
2.432572580536365159e+00
2.425697267903340393e+00
2.419267253623979652e+00
2.413664661007697720e+00
2.408764973406950283e+00
2.404214237846381330e+00
2.399587253069078940e+00
2.394566498604792759e+00
2.389089584340234218e+00
2.383451313825042828e+00
2.378014374767131400e+00
2.372864024157658847e+00
2.367739562756801863e+00
2.361959051079667748e+00
2.354745044627312822e+00
2.345527432518227151e+00
2.333959491370220629e+00
2.319871546621382397e+00
2.303533268514911470e+00
2.285633742629071818e+00
2.266806957576656512e+00
2.247505976396698912e+00
2.228102644723016112e+00
2.208727064483592795e+00
2.189432647030824519e+00
2.170223128727028161e+00
2.151038429406876951e+00
2.131587856914777479e+00
2.111635894170119432e+00
2.090880764722490959e+00
2.068758750279758640e+00
2.044748661500348952e+00
2.018646419881977128e+00
1.990575538041195136e+00
1.960938527718543822e+00
1.930464781678093544e+00
1.899809068716374005e+00
1.869715183501126310e+00
1.841193332412758066e+00
1.815204663309960997e+00
1.792242857760465213e+00
1.772240091307216270e+00
1.754682300095764980e+00
1.738711590913268656e+00
1.723638760396631220e+00
1.709002615563329108e+00
