1.835577486855813678e+00
1.975060220201033223e+00
2.118957693155077759e+00
2.261914889036695797e+00
2.393649064361855761e+00
2.502771417737741366e+00
2.581599695515773618e+00
2.625739386418002308e+00
2.633751087679006897e+00
2.604697602621811381e+00
2.538133656910004365e+00
2.437264361049013672e+00
2.310144771225342453e+00
2.168935577535897608e+00
2.026771433510461851e+00
1.893645681673210124e+00
1.775001587187278407e+00
1.672626373730776939e+00
1.586016994179535011e+00
1.511472794707703127e+00
1.443095628991693635e+00
1.374572148697740470e+00
1.301003885733240883e+00
1.219176303251522153e+00
1.130284306771562886e+00
1.040131147695105174e+00
9.559342675303281744e-01
8.815658410738531625e-01
8.171626570594696659e-01
7.614972936557475869e-01
7.135659549023505299e-01
6.711564640631582090e-01
6.327812057821602387e-01
5.974926513156568753e-01
5.633717830295587037e-01
5.282983226444787350e-01
4.910236569241785420e-01
4.515128017857966691e-01
4.100997505089307715e-01
3.685370010840322563e-01
3.291459825159229746e-01
2.935105844902372030e-01
2.620957271060812555e-01
2.347331249767075356e-01
2.110231509858449817e-01
1.898959303663482756e-01
1.703259077919547226e-01
1.518285089525183984e-01
1.338683697739804501e-01
1.163488558475608836e-01
9.952032510178789038e-02
8.345132100028136712e-02
6.831352158924532125e-02
5.411316464176985780e-02
4.086690637420568178e-02
2.889761830020773012e-02
1.796258333975258789e-02
7.454695591385296534e-03
-2.826515425339837066e-03
