1.527910002611374773e+00
1.424817630796543222e+00
1.317302158454860317e+00
1.204011455989357327e+00
1.084645302666658040e+00
9.625315347270068100e-01
8.446204552907383700e-01
7.376066321736882703e-01
6.454686924702547346e-01
5.694467844337314233e-01
5.080804915021628343e-01
4.585617660773702586e-01
4.177878339479655367e-01
3.829824061589044426e-01
3.519403178791726816e-01
3.230628662127252859e-01
2.948764891008416322e-01
2.659839198149970274e-01
2.355445281570470450e-01
2.031866229860589124e-01
1.693767340506919794e-01
1.353343566234372353e-01
1.027726084079189639e-01
7.394420994214952192e-02
6.333291483062368776e+00
6.314436062414396922e+00
6.300135218317672425e+00
6.289461297700472464e+00
6.281198807917867555e+00
6.273825122786101716e+00
6.265714895784340932e+00
6.255688425271184627e+00
6.242497908813187557e+00
6.224941386743378935e+00
6.202660193277851342e+00
6.176069103292046059e+00
6.146200692285148648e+00
6.114299435772178271e+00
6.081824631922597035e+00
6.050322831312385574e+00
6.021412986657750821e+00
5.996772290412972772e+00
5.977519161748139354e+00
5.964154464813831602e+00
5.956487163522329986e+00
5.953859580274462715e+00
5.955630341069193534e+00
5.961185059458260049e+00
5.969691301629209690e+00
5.980262062008963930e+00
5.992026526823496013e+00
6.004475616490720036e+00
6.017311819983468091e+00
6.030200252453280285e+00
6.042919401011872971e+00
6.055310817767233011e+00
6.067331971986628325e+00
6.079188455048010198e+00
6.091075595646356255e+00
