1.503632081412479948e+00
1.386961595361284827e+00
1.265527056531820627e+00
1.141746992312081987e+00
1.022712775551772202e+00
9.151820577848873706e-01
8.230323472418183961e-01
7.472991437191194297e-01
6.854906200982634479e-01
6.337940488922496618e-01
5.887421522520233097e-01
5.478054589559562260e-01
5.093037435242634414e-01
4.723678659854129713e-01
4.363189814633032237e-01
4.003870480014540822e-01
3.637798346960653961e-01
3.253869234781781028e-01
2.846913430834244751e-01
2.419544232734257838e-01
1.986398145815675698e-01
1.568561388114706745e-01
1.189720090632785665e-01
8.644038073004893519e-02
5.996667782826899801e-02
3.986252661847421858e-02
2.537486154977624392e-02
1.553260866839541524e-02
8.719237768512761583e-03
3.548413962889002300e-03
-1.562055946356120332e-03
6.274715043846352813e+00
6.264503269405854446e+00
6.249743054786972785e+00
6.229637468793167265e+00
6.203775942638947605e+00
6.172197681395709346e+00
6.136077986274871776e+00
6.097845082083553692e+00
6.060367947837672631e+00
6.025466456433193230e+00
5.994425265892641796e+00
5.968694705200648265e+00
5.948979341158358025e+00
5.934861103495165935e+00
5.925451412137602070e+00
5.919731707796742626e+00
5.916905790003455401e+00
5.916307320089954302e+00
5.917331903800359783e+00
5.919736428143447249e+00
5.923100438339782059e+00
5.927642048454939250e+00
5.933053499301726319e+00
5.939251903878044914e+00
5.945942524295054099e+00
5.952841778498214609e+00
5.959776288137403455e+00
5.966734887201429416e+00
