1.607862699465609557e+00
1.482141209554391548e+00
1.353673030871405114e+00
1.220606050605799409e+00
1.083457550809007186e+00
9.463395107111509663e-01
8.160471714892429951e-01
6.981884549618684321e-01
5.961063431934187085e-01
5.107921743849915819e-01
4.411626445589927892e-01
3.848972243593724585e-01
3.394132795271294079e-01
3.021238066582604409e-01
2.706678411658409722e-01
2.431679771837526316e-01
2.180745677998199850e-01
1.938841715929817966e-01
1.693970599732222693e-01
1.440813888463224335e-01
1.180487758821234245e-01
9.217724951685495050e-02
6.773128213259393959e-02
4.623292155123415181e-02
2.867029420980893306e-02
1.509286085433822304e-02
5.276431545702137821e-03
-1.350003288340892839e-03
-5.588480363135488529e-03
-8.271087651970789739e-03
-1.005615662023020933e-02
-1.162594580460301133e-02
6.269722829475075088e+00
6.267576291723375270e+00
6.265076579429864623e+00
6.262443550067089859e+00
6.259900227430414965e+00
6.257684053420847547e+00
6.255893588418364182e+00
6.254389861699921838e+00
6.253080748300460456e+00
6.251883485828233056e+00
6.250884660354176781e+00
6.250152152978835751e+00
6.249721071169672015e+00
6.249811477763427270e+00
6.250428213239323405e+00
6.251343793909538427e+00
6.252378074923960583e+00
6.253464607295070365e+00
6.254536383569346825e+00
6.255610533572684595e+00
6.256630362984648031e+00
6.257636927094374357e+00
6.258617989054388708e+00
6.259716486118016121e+00
6.260660970881128939e+00
6.261620664325234564e+00
6.262454238877836588e+00
