1.571169674328719568e+00
1.571614805991845998e+00
1.572081452477581909e+00
1.572404586085073719e+00
1.572794324662766474e+00
1.573206502971389975e+00
1.573649732220881559e+00
1.574124323605178732e+00
1.574618719135953526e+00
1.575337227183201350e+00
1.576400531742346400e+00
1.578002404194121411e+00
1.579958990547619013e+00
1.582251904474677451e+00
1.584666239644195951e+00
1.587062387297300425e+00
1.589293667657292408e+00
1.591165969860447893e+00
1.592839165406223723e+00
1.594676896676630040e+00
1.597534188542110378e+00
1.602359317014025120e+00
1.610493594684054397e+00
1.622646644374570402e+00
1.638051774943968919e+00
1.654553704562982563e+00
1.669294743039995810e+00
1.680394467591457053e+00
1.686997997670740768e+00
1.689070878565253064e+00
1.687336757960650635e+00
1.683000272949813247e+00
1.677658100371077543e+00
1.672524377920215910e+00
1.668423498659589610e+00
1.665590864635429824e+00
1.663832809164103699e+00
1.662982881391525947e+00
1.662675844708973338e+00
1.662756195835096040e+00
1.663320365373425203e+00
1.664439136653341311e+00
1.666195582283671817e+00
1.668196686894189096e+00
1.670236512417582864e+00
1.672158232152970880e+00
1.673840500146749122e+00
1.675105578893728131e+00
1.675772307767113167e+00
1.676051777097623763e+00
1.676191324425833074e+00
1.676787114569339154e+00
1.678123874210890820e+00
1.680131482540498489e+00
1.682707342890497282e+00
1.685531685444466632e+00
1.688623736354842197e+00
1.691839758729755339e+00
1.695300804672970507e+00
