1.574065126790208158e+00
1.577381641918106148e+00
1.580124185395202163e+00
1.582215302772621790e+00
1.583554535255266238e+00
1.583603120565391542e+00
1.582440457872042794e+00
1.580612111339474879e+00
1.578524276208723709e+00
1.576704573786505525e+00
1.575395612402268775e+00
1.574772688708812707e+00
1.575137194906894189e+00
1.576038002206474387e+00
1.576320684816104878e+00
1.575089102512446493e+00
1.571633519738532714e+00
1.565404934386833702e+00
1.555853997270617795e+00
1.542323728240465819e+00
1.524825475891520288e+00
1.504005659915192084e+00
1.480583977608654678e+00
1.454666049717153742e+00
1.426383743650591285e+00
1.397020839352766108e+00
1.368473293246575961e+00
1.342236615224949192e+00
1.318877399963320318e+00
1.298477698329251639e+00
1.281049731423203886e+00
1.266530375060054281e+00
1.254887613571488592e+00
1.245420685148823869e+00
1.237311511366181005e+00
1.229853758602029279e+00
1.222039839245221415e+00
1.212848593492458438e+00
1.201473056612360368e+00
1.188063957113917768e+00
1.173512293412014573e+00
1.159155597563189311e+00
1.146706429732193611e+00
1.137593496447603769e+00
1.133085010339544008e+00
1.133877322986660996e+00
1.140019282750022178e+00
1.150969307863374924e+00
1.165792443590817351e+00
1.183666504109775808e+00
1.203626549441068061e+00
1.224997070766201235e+00
1.247166430463312325e+00
1.269416924541296954e+00
1.291258856697232282e+00
1.312503535938683408e+00
1.333334503410133820e+00
1.353913239262795720e+00
1.374394516895875551e+00
