1.563909429142400498e+00
1.561886447407561551e+00
1.559852407287160680e+00
1.557727380416661811e+00
1.555525979793385805e+00
1.553140510884998937e+00
1.550450423657182553e+00
1.547374823106007602e+00
1.543927397285600689e+00
1.540099515402633346e+00
1.535954231790743529e+00
1.531720947155609025e+00
1.527924662006757694e+00
1.525053679068728352e+00
1.523638970369764811e+00
1.523871069444034054e+00
1.525791214533094964e+00
1.529324037405990211e+00
1.534012300085043856e+00
1.539347413279657850e+00
1.544544380911541559e+00
1.549033012884257099e+00
1.552603190379100662e+00
1.555249707290477401e+00
1.557348688989656171e+00
1.559383030499149170e+00
1.561828528014918449e+00
1.565555267841670206e+00
1.570951557057652437e+00
1.578748470570879192e+00
1.589305436543223538e+00
1.602546083892335327e+00
1.617772299105311395e+00
1.633975841072505597e+00
1.650253194214309937e+00
1.666214825989468018e+00
1.681553687238567685e+00
1.696408695567593439e+00
1.711035700252050651e+00
1.725773522935839077e+00
1.740880566188308221e+00
1.755481350207026559e+00
1.768362599857192352e+00
1.778298002239940834e+00
1.784814970448942884e+00
1.787827930416483246e+00
1.788120605689690112e+00
1.786620531625878083e+00
1.784640069440041499e+00
1.783485845142311899e+00
1.784083269989396259e+00
1.786863356041639816e+00
1.791762527124325155e+00
1.798330526413139951e+00
1.806018818840384288e+00
1.814355377338999986e+00
1.822971952834463893e+00
1.831730563976817550e+00
1.840462021667573556e+00
