1.586609787515482983e+00
1.591245002283521615e+00
1.595162519295632908e+00
1.598171655260193225e+00
1.600148068069903173e+00
1.600889664807605861e+00
1.600451194503420771e+00
1.598727196321169108e+00
1.595594226810341798e+00
1.591076079236886320e+00
1.585098645646089599e+00
1.577439292850927766e+00
1.567834678935507542e+00
1.555951207493084354e+00
1.541601447541864678e+00
1.525200584154325911e+00
1.507636979922950760e+00
1.489665708989282855e+00
1.471677063269278163e+00
1.453609617732138481e+00
1.434652909077522631e+00
1.414057780794444552e+00
1.391640918250498071e+00
1.367623568687746038e+00
1.342318733810650144e+00
1.316074244709913188e+00
1.289314087541505671e+00
1.262535972455314237e+00
1.235759590288912912e+00
1.208620048729523555e+00
1.181465980604360366e+00
1.155011678673212749e+00
1.129325088630074081e+00
1.104097907467817219e+00
1.079172701472815854e+00
1.054617445274767640e+00
1.030470010782043477e+00
1.006732513959440967e+00
9.839691040974669622e-01
9.634176590545868724e-01
9.458080457802398033e-01
9.310936523327824066e-01
9.196872448566209002e-01
9.119698732638689131e-01
9.074975442805078840e-01
9.058044956511152046e-01
9.066083778856718345e-01
9.093879977249432756e-01
9.136639855940978938e-01
9.189874247087449488e-01
9.249597803663012208e-01
9.316318762477774351e-01
9.389681332361093924e-01
9.464174305075724325e-01
9.537682396845081900e-01
9.611255550642627821e-01
9.684128144574916108e-01
9.758650496434112531e-01
9.838774653195112574e-01
