1.578467312578559545e+00
1.582426265292321332e+00
1.586231955948066208e+00
1.590027241586670748e+00
1.593582970936885612e+00
1.596645305530427272e+00
1.598949485540267723e+00
1.600384318885662571e+00
1.600746271584627234e+00
1.600110164030435600e+00
1.598554529232955490e+00
1.596312689750611025e+00
1.593592623328603297e+00
1.590656197489436430e+00
1.587714839136552536e+00
1.584997493422505954e+00
1.582319378106633589e+00
1.579362698679067645e+00
1.576219920970292954e+00
1.572628648755463043e+00
1.568273409901704607e+00
1.563328808120071134e+00
1.557784021025864662e+00
1.551413072121026637e+00
1.543983935396424201e+00
1.535280043769132519e+00
1.524139479057847302e+00
1.509538064149897441e+00
1.490754710076746203e+00
1.467319738220140390e+00
1.439244749404798851e+00
1.407053869147470326e+00
1.372533916062807835e+00
1.338686668424571957e+00
1.308259410181803695e+00
1.283098766073842434e+00
1.263922280708976054e+00
1.249923247213013289e+00
1.239749598503745220e+00
1.232318213229689929e+00
1.227000386976360824e+00
1.222590936541242401e+00
1.218422992397865556e+00
1.213663348227849381e+00
1.208398612668842853e+00
1.202752100082930209e+00
1.196637899275613481e+00
1.190550079919921345e+00
1.185230053149965546e+00
1.181146008298425754e+00
1.178382868076681245e+00
1.177289751347039504e+00
1.177714909094526030e+00
1.179188567210212923e+00
1.181877086284724099e+00
1.185384622716319170e+00
1.189562345070673599e+00
1.194120463256864495e+00
1.198822461565494102e+00
