1.348565837353870700e+00
1.257427493450301137e+00
1.173136734931560232e+00
1.098037004490944213e+00
1.032501593299685272e+00
9.743730820335165799e-01
9.199644048786501660e-01
8.657894695097902993e-01
8.099674104885844494e-01
7.531271406058153151e-01
6.986193020263806730e-01
6.515015096295592167e-01
6.162859369049475955e-01
5.955622777775556598e-01
5.892236808222822697e-01
5.943420898048282774e-01
6.067516087986334350e-01
6.224763621928065538e-01
6.379449912280563684e-01
6.503640805148946935e-01
6.582166344871152042e-01
6.613946620641250052e-01
6.609164915700525000e-01
6.585701753586993279e-01
6.568115736270534466e-01
6.579527287387670897e-01
6.632324061449641484e-01
6.729221102984125347e-01
6.868087316021183053e-01
7.046190602953005255e-01
7.261207219179958150e-01
7.507232048036743821e-01
7.771561708522835010e-01
8.042225128147927338e-01
8.316176886702713045e-01
8.595575927445516795e-01
8.884209745533326874e-01
9.185961821455156384e-01
9.502638031017675013e-01
9.830471952446936390e-01
1.016039828260675737e+00
1.048115550078107194e+00
1.078681921695048507e+00
1.107974124450812337e+00
1.136366494393539428e+00
1.163945667037162846e+00
1.190388490554192602e+00
1.214903489424727923e+00
1.236771809533581123e+00
1.255854146431257590e+00
1.272369003200122917e+00
1.286797687979478466e+00
1.299867459567807249e+00
1.312174928913721450e+00
1.323923368018644187e+00
1.335076425173820525e+00
1.345705434550624080e+00
1.356125295533488817e+00
1.366616408031407159e+00
