1.615691080514892297e+00
1.564654032246765247e+00
1.513060335425368219e+00
1.460567934040964522e+00
1.406883257731222914e+00
1.351356520734742217e+00
1.293209813811890818e+00
1.232487757048241317e+00
1.170668501946172890e+00
1.110231769245602962e+00
1.053270801635704190e+00
1.001051850139450305e+00
9.540130187357916958e-01
9.115131295288430024e-01
8.722939524197952377e-01
8.350981302560704922e-01
7.990068475577418727e-01
7.635548144115391622e-01
7.288690024339113949e-01
6.958087234758132400e-01
6.656475134010271244e-01
6.397773970976491364e-01
6.195189564258967163e-01
6.060828015737748098e-01
6.007765204012506244e-01
6.041948148919219497e-01
6.151346195699974873e-01
6.308302034027865046e-01
6.482819421405681126e-01
6.652717065113441519e-01
6.803195379278212940e-01
6.927175592485803612e-01
7.024595692097084232e-01
7.101005273184828326e-01
7.164250451665017394e-01
7.221231510416692423e-01
7.277706502182407222e-01
7.336948414832228371e-01
7.399511487416603472e-01
7.465082261444460077e-01
7.535963599271319202e-01
7.617070562534746792e-01
7.712727979033819903e-01
7.826730858518455847e-01
7.964007988144463646e-01
8.129157119962358014e-01
8.324718934875486864e-01
8.550928946456154423e-01
8.804916859352762692e-01
9.076824263672749193e-01
9.351427133358484189e-01
9.615857323556785685e-01
9.863920202447300500e-01
1.009479686440326818e+00
1.030945658221201544e+00
1.051077756155193388e+00
1.070377342030682799e+00
1.089284217322559867e+00
1.108030699472892122e+00
