1.657523561690302127e+00
1.661066773308854883e+00
1.660586762824027396e+00
1.654776784905258591e+00
1.643339563622967292e+00
1.626967607629850932e+00
1.606671442664699967e+00
1.583250659009442396e+00
1.557117421767848731e+00
1.528128096406832892e+00
1.495360878194595733e+00
1.458066375473692888e+00
1.416101540114786506e+00
1.370004613704384644e+00
1.321414095056850035e+00
1.273418546127917050e+00
1.229055572153984421e+00
1.190059468628487993e+00
1.157312347216804538e+00
1.131129427780306562e+00
1.110787044871566431e+00
1.094755965978482237e+00
1.081676731505112343e+00
1.070180175540630163e+00
1.058748705374928489e+00
1.046602081776198290e+00
1.033401732083921720e+00
1.018955749144327738e+00
1.003577233398178725e+00
9.876443209952797675e-01
9.716905157064682497e-01
9.562073041872786172e-01
9.412232174232204596e-01
9.269301207382935059e-01
9.137897363171858522e-01
9.024497642762319138e-01
8.935999507420741006e-01
8.870243970277359447e-01
8.815211526410652310e-01
8.760977602755424254e-01
8.706841537725812374e-01
8.660086943438239926e-01
8.629197761001629052e-01
8.612421316073129995e-01
8.606407920660955613e-01
8.612182519250517476e-01
8.629514449068874660e-01
8.656641770959356830e-01
8.691915608384760406e-01
8.734328935842178288e-01
8.784619818350354326e-01
8.842787934120190929e-01
8.905194624448656837e-01
8.971263203378305739e-01
9.044863774092164466e-01
9.125905911088603162e-01
9.213080605670276313e-01
9.305169425337357358e-01
9.400987176052336691e-01
