1.639682489463750503e+00
1.569354176773611664e+00
1.497775035960734247e+00
1.423832464225227357e+00
1.346731760306882020e+00
1.265834219501064117e+00
1.180903591112930195e+00
1.093599906533392341e+00
1.007280916552167227e+00
9.250463400988109264e-01
8.493882678386603935e-01
7.827010129687822504e-01
7.265195336473314613e-01
6.808597972641698970e-01
6.446134030054418984e-01
6.162488040044115101e-01
5.942596682139975606e-01
5.772145995272848218e-01
5.642956934923752943e-01
5.558164706025093826e-01
5.528443785121697207e-01
5.559877393684140579e-01
5.648463169878681356e-01
5.778323973639470923e-01
5.926694052255055967e-01
6.074678998402969210e-01
6.212402566609660504e-01
6.337963221734901342e-01
6.454886054282840124e-01
6.568599741372634915e-01
6.684470862031515193e-01
6.805065548771805917e-01
6.929955898014578120e-01
7.058931503495661230e-01
7.192908886802736879e-01
7.335308832213006669e-01
7.490340904154210167e-01
7.660497220126516460e-01
7.847054944126563569e-01
8.050457828518962078e-01
8.271143648461336539e-01
8.509175371191514126e-01
8.762241011650907518e-01
9.023478567074991741e-01
9.286441054326788347e-01
9.548033890073989172e-01
9.804044027950610252e-01
1.004899472252125836e+00
1.028275400054907918e+00
1.051350642905379829e+00
1.074970798077145462e+00
1.099341601940061475e+00
1.124592239327637078e+00
1.151062469900805851e+00
1.178673954637950327e+00
1.206696522174619757e+00
1.234739829101591635e+00
1.263118085568550653e+00
1.291955270844743930e+00
