1.587904408872838014e+00
1.572531157841018601e+00
1.556739151620838868e+00
1.540266438632559298e+00
1.522482304408782960e+00
1.502840166720810000e+00
1.480949835413164717e+00
1.457129468875349332e+00
1.431633127168297381e+00
1.405609637721295435e+00
1.380644589111817977e+00
1.358945081964408885e+00
1.342306703573947768e+00
1.331976238535561574e+00
1.328594556554887562e+00
1.331841570096991445e+00
1.340705456002981633e+00
1.353753973681180112e+00
1.370411755370266826e+00
1.389944282223999794e+00
1.411855103689884761e+00
1.435434050816669194e+00
1.459871251948386295e+00
1.483918998295404412e+00
1.506234285098144943e+00
1.526044012478138256e+00
1.543095327560791707e+00
1.557916738260658684e+00
1.571518161419905857e+00
1.585401736400734896e+00
1.600862660600947507e+00
1.619086022352986154e+00
1.640714277658972042e+00
1.665867648931817380e+00
1.693593145132706201e+00
1.721577580786081585e+00
1.747304181135544088e+00
1.768957317854049860e+00
1.785530839334941611e+00
1.796758366220767789e+00
1.803352697149829265e+00
1.806315712698997267e+00
1.807105090217528076e+00
1.806707949538743474e+00
1.805613968011497539e+00
1.804687621756712934e+00
1.804840265909782637e+00
1.806439017725061325e+00
1.809435863926212251e+00
1.813874503809717709e+00
1.819860960293621321e+00
1.827444602921245220e+00
1.836211787386224925e+00
1.845887308360438350e+00
1.856400190389387639e+00
1.867529936312017913e+00
1.878940772241912027e+00
1.890481054734412192e+00
1.901929336401202209e+00
