1.201931594113967217e+00
1.130271299493291526e+00
1.059824081727110290e+00
9.913517962600860711e-01
9.252537362952608646e-01
8.619308883436278546e-01
8.019999563996714764e-01
7.464123983879599189e-01
6.965491495563342905e-01
6.541080831577669175e-01
6.205571983921338575e-01
5.968114078344529672e-01
5.831720220681907429e-01
5.793531389316837199e-01
5.847668412424524842e-01
5.987835324033718987e-01
6.203137835989297466e-01
6.478761777337594951e-01
6.796633263745398557e-01
7.138970551370501516e-01
7.490010515829096382e-01
7.833763362621186666e-01
8.155853293706458729e-01
8.450646761307155641e-01
8.722046704194924560e-01
8.977945989706838104e-01
9.228015003940421845e-01
9.481680072040411522e-01
9.746677568482087217e-01
1.002799143973140961e+00
1.032890617457669968e+00
1.065006353471912304e+00
1.099087116612593507e+00
1.134713477451176233e+00
1.171044167133545422e+00
1.206831245302346423e+00
1.240636559837511088e+00
1.271214322755193527e+00
1.297951944530928436e+00
1.321114910818939725e+00
1.341540661324531314e+00
1.360263519807655141e+00
1.378259538827959707e+00
1.396307131945658586e+00
1.414987855820858620e+00
1.434492790761793479e+00
1.454461736574591546e+00
1.474328473619502367e+00
1.493373763701184131e+00
1.510897796303522167e+00
1.526343968296353992e+00
1.539528497535590290e+00
1.550504377594809080e+00
1.559415554314864671e+00
1.566563219280031616e+00
1.572541523805684127e+00
1.577939826959084746e+00
1.583072279512556468e+00
1.588090726103722261e+00
