1.573084475908566038e+00
1.562864161063850510e+00
1.552257991430976203e+00
1.540628611145819837e+00
1.527438654298583165e+00
1.512724340183412064e+00
1.496529642118547221e+00
1.479472227047951449e+00
1.462318366334033559e+00
1.445858717501927959e+00
1.431024543800296422e+00
1.419341137856631629e+00
1.412299202409934118e+00
1.410946289457898795e+00
1.415662441454880183e+00
1.426074296685818865e+00
1.440901951119572422e+00
1.458596617151070918e+00
1.477078705353064070e+00
1.494671168448910459e+00
1.510870842607720865e+00
1.525706531548898681e+00
1.539200881113069963e+00
1.551630404335946345e+00
1.563460940301416802e+00
1.575208733444311893e+00
1.587617723425604588e+00
1.601442997892920328e+00
1.617334634364101520e+00
1.635478750811489190e+00
1.655790359714816029e+00
1.677728158658587931e+00
1.699311832905811670e+00
1.717756009486707258e+00
1.730899072467827482e+00
1.738009174102515209e+00
1.739819479999597407e+00
1.738004074356842121e+00
1.734318141474768815e+00
1.730102554202781473e+00
1.726731171129803677e+00
1.725839377272294195e+00
1.728609090024713080e+00
1.735567494344834483e+00
1.746691467405133480e+00
1.761381920968446035e+00
1.778058028282302416e+00
1.794546133095737517e+00
1.809378253432558425e+00
1.821791617052805012e+00
1.831989924295148509e+00
1.840876673141178088e+00
1.849682272784579862e+00
1.859141931761135513e+00
1.869619772549598657e+00
1.881036373311061993e+00
1.893136386316305098e+00
1.905729411485639568e+00
1.918457842154937643e+00
