1.569917395599362164e+00
1.573450584201237401e+00
1.577054369536847744e+00
1.580692129714495797e+00
1.584376211848371518e+00
1.587856417822567368e+00
1.591024995891298977e+00
1.593769977295281803e+00
1.596101617901768632e+00
1.597951663354214347e+00
1.599401088335421273e+00
1.600665907984426539e+00
1.601793726528951467e+00
1.602805208244943991e+00
1.603868081065006779e+00
1.604949746490585083e+00
1.605836787331522464e+00
1.606405290434558486e+00
1.606207067635861740e+00
1.605213493571217009e+00
1.603060391037689048e+00
1.599867373004168591e+00
1.595840797038183823e+00
1.591030904054636208e+00
1.586001231605075779e+00
1.581002332863467696e+00
1.576380022308647044e+00
1.571669418051235834e+00
1.566635137763999541e+00
1.560497434335636591e+00
1.552650831459291059e+00
1.542384319128494496e+00
1.529389085190788977e+00
1.513929463383850704e+00
1.497164426497935130e+00
1.481320953902437898e+00
1.468270892308591868e+00
1.459027153886575556e+00
1.452987828231099732e+00
1.449428641822194663e+00
1.447129551735555131e+00
1.445743090055936042e+00
1.444831535950989565e+00
1.444073483618597331e+00
1.443337869768101633e+00
1.442343522129917677e+00
1.441067159132374709e+00
1.439247398175459214e+00
1.436973852009600927e+00
1.434240000327208220e+00
1.431174287186621985e+00
1.427904371258073679e+00
1.424639447497551004e+00
1.421271496859743078e+00
1.417930795388876897e+00
1.414621922595681980e+00
1.411376271422149609e+00
1.408135426051453587e+00
1.404834110953479209e+00
