1.443668522766895279e+00
1.357315371967330764e+00
1.274243195721346034e+00
1.197367669443579530e+00
1.130209903941286953e+00
1.076371172464550385e+00
1.038141466197964213e+00
1.015036426205729869e+00
1.005305990137852934e+00
1.006976515113736648e+00
1.017795140417003363e+00
1.035613943240265566e+00
1.058587364289446997e+00
1.084978804683248921e+00
1.112964001582363416e+00
1.141050328417149817e+00
1.168310565388950728e+00
1.194188594515772195e+00
1.218749304085219309e+00
1.242387472213448474e+00
1.265347454392367066e+00
1.288058153269623363e+00
1.310520838549079414e+00
1.332307610150090360e+00
1.353194743254276133e+00
1.372642581832448139e+00
1.390253432400788469e+00
1.406467149498882518e+00
1.422072521053007410e+00
1.438033018027423671e+00
1.455024461434704541e+00
1.473071548429435884e+00
1.491533576946538764e+00
1.509214857472010562e+00
1.525633558360742326e+00
1.541016522892651341e+00
1.555637275501446037e+00
1.570156283267721387e+00
1.585223811455180876e+00
1.601372210208395819e+00
1.618953735623181789e+00
1.637674013143113783e+00
1.656756187610444409e+00
1.674613647338101252e+00
1.689896473303050373e+00
1.702213226473392238e+00
1.711768745314856677e+00
1.719464430004723265e+00
1.726339110083055184e+00
1.733150421602501545e+00
1.740962364201353418e+00
1.750675403112872619e+00
1.763015372432294114e+00
1.778375991014734536e+00
1.796531932816785693e+00
1.817021229957316297e+00
1.839068726453393143e+00
1.861836070854697933e+00
1.884865857512243448e+00
