1.572788425881339380e+00
1.535852333847940399e+00
1.498582511775320203e+00
1.461372214021647853e+00
1.425273686549143770e+00
1.392305407186141153e+00
1.364110263644885856e+00
1.341558865790543065e+00
1.325385736667176184e+00
1.315216237431455104e+00
1.310502716991579275e+00
1.310907177494631259e+00
1.315763644971038593e+00
1.324155688339917702e+00
1.335627049508181674e+00
1.349782303188881816e+00
1.366197148609281431e+00
1.384419058209806597e+00
1.404123349579212920e+00
1.425095838929237191e+00
1.446603901147002658e+00
1.467582637803577450e+00
1.487151457466115989e+00
1.504713701166155548e+00
1.520197014540019431e+00
1.533753648885910925e+00
1.545860546869900487e+00
1.556444935857268730e+00
1.565605969748893322e+00
1.573993114840633201e+00
1.581542273330271975e+00
1.588456308813981144e+00
1.595011935074561737e+00
1.601528856277019353e+00
1.608382898704070252e+00
1.615992891651139463e+00
1.624801886275158092e+00
1.634721043870445811e+00
1.645884561198799778e+00
1.658247355412145740e+00
1.672020583441535813e+00
1.687403709109819960e+00
1.704046513332605262e+00
1.721625382033525220e+00
1.740034591323740498e+00
1.758912358675922771e+00
1.777646626234184124e+00
1.795572139528722744e+00
1.812084587292626781e+00
1.827226608624094251e+00
1.841190516091200990e+00
1.854152683791652212e+00
1.866438718084906467e+00
1.878146446101963685e+00
1.889843107379844289e+00
1.901807674133434212e+00
1.913908062982470737e+00
1.926136738418766203e+00
1.938385364081822715e+00
