1.599670477744163932e+00
1.581483039656033762e+00
1.562550679250759966e+00
1.542066172828491455e+00
1.519087773966380395e+00
1.492834809824381770e+00
1.462431336061786213e+00
1.427281257941124704e+00
1.387943550350150712e+00
1.345757371804309432e+00
1.301658606337918522e+00
1.256073242139235546e+00
1.209639180754241261e+00
1.163407821558137378e+00
1.118473389822465691e+00
1.076005697725281429e+00
1.036977645749389776e+00
1.001662624211184127e+00
9.695073496217885278e-01
9.397513873987177746e-01
9.118541016177749148e-01
8.856733341033451445e-01
8.613834102937399928e-01
8.392928204668097525e-01
8.197078038376880427e-01
8.029333561596014857e-01
7.889909954433522721e-01
7.775044756962776749e-01
7.681126496013882532e-01
7.606758005098445130e-01
7.550277561913523172e-01
7.505976746181417525e-01
7.469425672010666650e-01
7.444162784751847672e-01
7.435019800938805767e-01
7.439338379531488243e-01
7.449268703395302005e-01
7.461259473448260682e-01
7.477045152355852320e-01
7.502603132739220637e-01
7.546000732749663653e-01
7.612488681730821272e-01
7.704907810200974927e-01
7.822793763084422425e-01
7.962559903278074724e-01
8.117061946771652048e-01
8.274239226068659248e-01
8.420045425431060826e-01
8.544006375760252459e-01
8.643533754995471607e-01
8.721739918946039838e-01
8.788062594766787861e-01
8.856165195384536615e-01
8.939073270803159499e-01
9.043891071989423880e-01
9.171657914371157405e-01
9.318189105858702970e-01
9.475366627657969554e-01
9.637342307431459032e-01
