1.236466773604924185e+00
1.162280376016517236e+00
1.091159359496601144e+00
1.024519051611773923e+00
9.624820383662771039e-01
9.035739765901222853e-01
8.462549425614468435e-01
7.896666663883221693e-01
7.339195002695299008e-01
6.811627084366193019e-01
6.352469980103463421e-01
5.995369420877381117e-01
5.759312886612147908e-01
5.642764732194299748e-01
5.626110487263044080e-01
5.681706577194803875e-01
5.789879496642283963e-01
5.939481315981578469e-01
6.120936089615051090e-01
6.327893927198823265e-01
6.555736131646161535e-01
6.797789501529883927e-01
7.047461029640907926e-01
7.302745297269370717e-01
7.564594073595181101e-01
7.833190173112235533e-01
8.109981374853939551e-01
8.397773881406883634e-01
8.691355497118219420e-01
8.980957288098615487e-01
9.261956864771808684e-01
9.531787459115881322e-01
9.787989474427755132e-01
1.003299775284104411e+00
1.027453748812758416e+00
1.052099793095434777e+00
1.078329914054772187e+00
1.107130068222793140e+00
1.138195157953782344e+00
1.170165532974179801e+00
1.201638358132415485e+00
1.231383531848306623e+00
1.258355759349704117e+00
1.282233083564808362e+00
1.303588100673644057e+00
1.323634854636916991e+00
1.343518324177638945e+00
1.363713387347666339e+00
1.383828264383420326e+00
1.403129310266258534e+00
1.421311991136402719e+00
1.438609209619182261e+00
1.455628000334129313e+00
1.472949545522676429e+00
1.490879002415754995e+00
1.509204433385380906e+00
1.527439942575305798e+00
1.545493159980718900e+00
1.563606779525944290e+00
