9.506325425226139769e-01
9.316139946812106443e-01
9.132175922861119899e-01
8.952267744288456841e-01
8.773264923634964685e-01
8.591945631039223930e-01
8.411455995411735165e-01
8.241032369250557155e-01
8.087358686578984823e-01
7.956222911216028759e-01
7.856730263573656892e-01
7.797699436197010892e-01
7.781324144450166846e-01
7.806277806131318719e-01
7.874426127625646643e-01
7.989197188540765326e-01
8.148459714883599103e-01
8.343961694850076105e-01
8.567878456676445431e-01
8.815348019933433310e-01
9.083224453783661501e-01
9.370510023090469209e-01
9.676752723013734014e-01
9.998219713206116799e-01
1.032577073332415107e+00
1.064919523115369193e+00
1.096082803648380954e+00
1.125552677105533306e+00
1.153123684964576734e+00
1.179002415001699555e+00
1.203690760292674966e+00
1.227659239987375361e+00
1.251189348182654815e+00
1.274271689267026941e+00
1.296650379276469423e+00
1.318130219631161282e+00
1.338927944859032548e+00
1.359457502158354369e+00
1.380015248144358164e+00
1.400791410459447217e+00
1.422079800119307569e+00
1.444172703668310298e+00
1.466959118681776530e+00
1.489642746867176015e+00
1.511137401206939179e+00
1.530549058040202359e+00
1.547426959228198395e+00
1.561761826539028064e+00
1.573968400532574030e+00
1.584388028926527747e+00
1.593187976791765603e+00
1.600771047694593552e+00
1.607381000166327345e+00
1.612746344398835019e+00
1.616696347267208456e+00
1.619671558481014850e+00
1.622134840786480181e+00
1.624310295337626275e+00
1.626336187816832979e+00
