1.573029413697174972e+00
1.572186416584680169e+00
1.571437397278991011e+00
1.570933902018169404e+00
1.570796322917227927e+00
1.570796315317481762e+00
1.570796607625190022e+00
1.572181614172722064e+00
1.575262763997791193e+00
1.580042289737287442e+00
1.586333725442318876e+00
1.593821205567869992e+00
1.602079390751908194e+00
1.610515280187154508e+00
1.618692750717631634e+00
1.626560002406144845e+00
1.634154392535608791e+00
1.641479463702893771e+00
1.648445170666128279e+00
1.654900922569593202e+00
1.660690877132537269e+00
1.665704566301943190e+00
1.669901405065910893e+00
1.673308559923576189e+00
1.676005545941851915e+00
1.678101825752791321e+00
1.679713413775055342e+00
1.680939645659131454e+00
1.681836904141817080e+00
1.682385721979575255e+00
1.682498449512948913e+00
1.682093899032400142e+00
1.681140688452934295e+00
1.679675826803313177e+00
1.677800726938506681e+00
1.675653578141041322e+00
1.673366344856629162e+00
1.671014293077679014e+00
1.668582386292509323e+00
1.665962175266444412e+00
1.662993952310781509e+00
1.659534091531106093e+00
1.655518943035382495e+00
1.650996072359034450e+00
1.646104497423740876e+00
1.641013180946656824e+00
1.635914215383186265e+00
1.631024942650366016e+00
1.626565828038394113e+00
1.622727410643688861e+00
1.619637325031775044e+00
1.617337106249639334e+00
1.615778385659685012e+00
1.614840401886366017e+00
1.614363524079182932e+00
1.614185733725328031e+00
1.614169164853977767e+00
1.614217570377090682e+00
1.614279864537253806e+00
