1.037199998906105813e+00
1.005683432691739876e+00
9.807528713614248606e-01
9.640870860498926831e-01
9.559672367179815611e-01
9.546762953570532284e-01
9.569980801581812191e-01
9.598810334996943361e-01
9.630905570121008896e-01
9.675435804104637327e-01
9.741657643040719794e-01
9.841734491924214456e-01
9.983412869432268799e-01
1.016454739767281623e+00
1.037806405921661623e+00
1.061583451448550264e+00
1.087072615793320374e+00
1.113792062645924119e+00
1.141518579735964600e+00
1.169934912549826622e+00
1.198659383963984748e+00
1.227531741334875415e+00
1.255817658760673527e+00
1.282454008940587142e+00
1.307093525160827552e+00
1.329425922884209132e+00
1.349414333923669718e+00
1.367428350308629970e+00
1.383790935407992251e+00
1.399089186888826664e+00
1.413861477740411043e+00
1.428199943243034786e+00
1.442351497398446591e+00
1.456724174976613106e+00
1.471701694234252011e+00
1.487502580548067055e+00
1.504422683644047964e+00
1.522277785099406477e+00
1.540191675938740401e+00
1.557791125353489958e+00
1.575119039397892440e+00
1.592342725093011779e+00
1.609647173013556865e+00
1.626739350340098422e+00
1.643473827481052307e+00
1.660149838167754854e+00
1.676771893248186540e+00
1.693161618651088496e+00
1.709553126291229797e+00
1.726080656026857563e+00
1.742440145784679650e+00
1.758231187490884251e+00
1.773170783935264172e+00
1.787204421557693435e+00
1.800444957730165330e+00
1.813173632714111472e+00
1.825262112133835934e+00
1.836960726857390425e+00
1.848707476399373384e+00
