1.585512710358176314e+00
1.539196045379665367e+00
1.492869973231412128e+00
1.447515724454206065e+00
1.404369235647712211e+00
1.365082837501255808e+00
1.330846446248082460e+00
1.302107338762523048e+00
1.278801700034236877e+00
1.260508597018639154e+00
1.246953534382762241e+00
1.238065041717715697e+00
1.234320209402729018e+00
1.235806373840282690e+00
1.242131424562068265e+00
1.252850675104409950e+00
1.267306025297855188e+00
1.284659578672815217e+00
1.304000454271074583e+00
1.324565473150196793e+00
1.345554438625856442e+00
1.366370728555169833e+00
1.386684331272244108e+00
1.406531644145883941e+00
1.426539726510909656e+00
1.446788175455075542e+00
1.466875538154621683e+00
1.486588944579334326e+00
1.505584403007773631e+00
1.523537783854122862e+00
1.540170121093605626e+00
1.555561836113889429e+00
1.569977891616898269e+00
1.584179917314023411e+00
1.598724555738554320e+00
1.613707846691190495e+00
1.629525151165348351e+00
1.645780708192448483e+00
1.662021736802395067e+00
1.678205083404388009e+00
1.694050607094906624e+00
1.709049233296170200e+00
1.722947351313726561e+00
1.735594106471173736e+00
1.746784332904748549e+00
1.756711784953898681e+00
1.765932459997751947e+00
1.774697518273393504e+00
1.783138027852279484e+00
1.791651061574147885e+00
1.800595681312723739e+00
1.810242410120603829e+00
1.820489688789372895e+00
1.831375961185637280e+00
1.842796728885744306e+00
1.854659022277832969e+00
1.866869339391717508e+00
1.879049911036949627e+00
1.891278473528248627e+00
