2.702768163825199021e+00
2.677097227074686003e+00
2.696844887250910539e+00
2.730651392584162895e+00
2.814997569746154671e+00
2.901419247596710882e+00
2.988113218062370624e+00
2.999027823075825605e+00
2.961361819287796404e+00
2.883230213430005850e+00
2.933175162173598860e+00
2.985872712045711364e+00
3.011329566964745741e+00
3.039276796857248719e+00
3.063086437991140443e+00
3.076128079950195104e+00
2.981167527458318034e+00
2.934301482466795452e+00
2.692804626372770738e+00
2.770643728428903163e+00
2.755802649052472297e+00
